# ResID  ln(Protection factor) Std. Dev.
      3         1.76120727         1.02010343
      4         3.62311515         1.48199960
      5         9.57244970         1.83013682
      6         9.28688485         1.84978142
      7         5.91480121         1.42337811
     10         5.90768242         1.33133246
     11         4.92270909         1.57930909
     12         3.91294424         1.81959807
     14         4.85129576         1.47881886
     15         3.03022303         1.30291253
     16         4.74578545         1.12744281
     17         6.39372000         1.66697236
     18         7.84859273         1.37586093
     19         4.61392970         0.41449781
     20        12.90892970         1.18810131
     21        16.29684970         0.94680835
     22        18.60126667         1.21115786
     23        14.25798788         0.65731843
     24        12.77492485         0.79902993
     25         5.85437333         1.27084859
     26         2.68476485         1.20215507
     27         4.89035636         1.07998014
     28         9.04575273         1.04693170
     29         9.63712000         1.67849741
     30         8.95417212         1.16141722
     31        12.63578545         1.05921863
     32         8.24609939         0.97404681
     33        12.03074788         1.15799099
     34         5.79588606         0.76416563
     35        12.96163636         1.02674890
     36        13.04485697         2.45477893
     37         6.65433939         2.13456676
     38         6.20319152         1.96557815
     39         5.81324364         2.06206979
     40         5.54886545         1.57395051
     41         6.61260606         1.58075823
     42         3.13457212         1.24629346
     43         6.65906424         1.67612689
     44         8.06461697         1.31961818
     45        12.19280242         0.95287032
     46         8.97617939         1.55687179
     47         9.22672485         1.52213176
     48         7.33582788         0.87925724
     49         4.40201576         1.13800138
     50         9.14117576         1.36561238
     51        13.31951273         1.36843531
     52        12.09329697         1.10451818
     53         8.07760121         0.95395854
     54         8.06265212         1.49663604
     55        13.03963394         1.11595903
     56        11.94413212         1.91564792
     57         5.61647758         2.12613649
     58         3.22273939         1.51654460
