# ResID  Protection factor
      3        10.52269178
      4       132.23480306
      5     67280.26153214
      6     53204.14732940
      7      1217.00145326
     10      2242.60106541
     11      1617.96862736
     12       275.07341708
     14       437.12928511
     15       180.95158664
     16       222.33687334
     17      1466.29057138
     18      5260.80344133
     19       113.96363499
     20    842084.97671986
     21  19192486.95900717
     22 239112111.98130536
     23   1932585.15609377
     24    467168.93053106
     25       890.95638711
     26        30.36222467
     27       229.94866757
     28     21620.94392111
     29     77144.31955611
     30     15417.23862479
     31    599228.74455956
     32      6741.32933032
     33    306152.54710762
     34       494.48962899
     35    715258.50076447
     36   2683215.35321045
     37      6122.17428483
     38      3857.66984225
     39      3928.02275570
     40      1781.23395381
     41      2690.97057314
     42       142.41609193
     43      8460.75418084
     44      8128.61047646
     45    326931.24745342
     46     27081.09406326
     47     29729.59732767
     48      2379.08074958
     49       190.12183822
     50     21251.30846621
     51   1343993.87617998
     52    316670.81354749
     53      4927.77896026
     54      9173.63042618
     55    830997.55028378
     56    723766.33957629
     57      4455.19117231
     58       150.98833268
