# ResID  Deuterated fraction, Times / min: 0.167 1.0 10.0 120.0
      3  1.00000  0.00000  1.00000  0.00000  1.00000  0.00000  1.00000  0.00000 
      4  0.88327  0.02947  1.00000  0.00000  1.00000  0.00000  1.00000  0.00000 
      5  0.05825  0.00002  0.30188  0.00011  0.97250  0.00004  1.00000  0.00000 
      6  0.01476  0.00001  0.08518  0.00005  0.58948  0.00022  0.99998  0.00000 
      7  0.23919  0.00233  0.80542  0.00357  1.00000  0.00000  1.00000  0.00000 
     10  0.16286  0.00153  0.65508  0.00378  0.99998  0.00000  1.00000  0.00000 
     11  0.77030  0.01193  0.99985  0.00005  1.00000  0.00000  1.00000  0.00000 
     12  0.99808  0.00148  1.00000  0.00000  1.00000  0.00000  1.00000  0.00000 
     14  0.96587  0.00395  1.00000  0.00000  1.00000  0.00000  1.00000  0.00000 
     15  1.00000  0.00000  1.00000  0.00000  1.00000  0.00000  1.00000  0.00000 
     16  0.91139  0.00576  1.00000  0.00000  1.00000  0.00000  1.00000  0.00000 
     17  0.34646  0.00246  0.92169  0.00177  1.00000  0.00000  1.00000  0.00000 
     18  0.02520  0.00004  0.14172  0.00020  0.78308  0.00051  1.00000  0.00000 
     19  0.20546  0.00274  0.74771  0.00521  1.00000  0.00000  1.00000  0.00000 
     20  0.00037  0.00000  0.00222  0.00000  0.02196  0.00000  0.23394  0.00000 
     21  0.00002  0.00000  0.00009  0.00000  0.00094  0.00000  0.01127  0.00000 
     22  0.00000  0.00000  0.00001  0.00000  0.00007  0.00000  0.00082  0.00000 
     23  0.00008  0.00000  0.00050  0.00000  0.00501  0.00000  0.05845  0.00000 
     24  0.00207  0.00000  0.01236  0.00000  0.11695  0.00000  0.77518  0.00000 
     25  0.71850  0.00365  0.99949  0.00004  1.00000  0.00000  1.00000  0.00000 
     26  1.00000  0.00001  1.00000  0.00000  1.00000  0.00000  1.00000  0.00000 
     27  0.87721  0.00570  1.00000  0.00000  1.00000  0.00000  1.00000  0.00000 
     28  0.02301  0.00001  0.13012  0.00004  0.75193  0.00012  1.00000  0.00000 
     29  0.00536  0.00000  0.03166  0.00001  0.27508  0.00008  0.97894  0.00003 
     30  0.05806  0.00002  0.30102  0.00010  0.97216  0.00004  1.00000  0.00000 
     31  0.00228  0.00000  0.01356  0.00000  0.12760  0.00000  0.80564  0.00000 
     32  0.07213  0.00005  0.36128  0.00020  0.98870  0.00004  1.00000  0.00000 
     33  0.00115  0.00000  0.00686  0.00000  0.06653  0.00000  0.56229  0.00001 
     34  0.13702  0.00083  0.58622  0.00238  0.99985  0.00001  1.00000  0.00000 
     35  0.00019  0.00000  0.00116  0.00000  0.01151  0.00000  0.12971  0.00000 
     36  0.00048  0.00000  0.00286  0.00000  0.02827  0.00000  0.29113  0.00001 
     37  0.31362  0.00281  0.89497  0.00258  1.00000  0.00000  1.00000  0.00000 
     38  0.89423  0.00343  1.00000  0.00000  1.00000  0.00000  1.00000  0.00000 
     39  0.88831  0.00575  1.00000  0.00000  1.00000  0.00000  1.00000  0.00000 
     40  0.74505  0.00654  0.99972  0.00004  1.00000  0.00000  1.00000  0.00000 
     41  0.22836  0.00131  0.78824  0.00215  1.00000  0.00000  1.00000  0.00000 
     42  1.00000  0.00000  1.00000  0.00000  1.00000  0.00000  1.00000  0.00000 
     43  0.75132  0.00237  0.99976  0.00001  1.00000  0.00000  1.00000  0.00000 
     44  0.34925  0.00033  0.92366  0.00023  1.00000  0.00000  1.00000  0.00000 
     45  0.00129  0.00000  0.00769  0.00000  0.07428  0.00000  0.60395  0.00000 
     46  0.02761  0.00002  0.15438  0.00009  0.81303  0.00019  1.00000  0.00000 
     47  0.06230  0.00003  0.31968  0.00012  0.97876  0.00004  1.00000  0.00000 
     48  0.24056  0.00033  0.80751  0.00050  1.00000  0.00000  1.00000  0.00000 
     49  0.86635  0.01028  0.99999  0.00000  1.00000  0.00000  1.00000  0.00000 
     50  0.02001  0.00001  0.11398  0.00005  0.70184  0.00015  1.00000  0.00000 
     51  0.00081  0.00000  0.00487  0.00000  0.04761  0.00000  0.44307  0.00000 
     52  0.00333  0.00000  0.01979  0.00000  0.18116  0.00000  0.90914  0.00000 
     53  0.09673  0.00007  0.45620  0.00027  0.99774  0.00001  1.00000  0.00000 
     54  0.08988  0.00012  0.43103  0.00045  0.99644  0.00003  1.00000  0.00000 
     55  0.00258  0.00000  0.01536  0.00000  0.14341  0.00000  0.84394  0.00000 
     56  0.00369  0.00000  0.02191  0.00000  0.19875  0.00001  0.92998  0.00001 
     57  0.65439  0.01120  0.99827  0.00033  1.00000  0.00000  1.00000  0.00000 
     58  0.17934  0.02945  0.69380  0.06579  0.99999  0.00002  1.00000  0.00000 
