# ResID  Protection factor Std. Dev.
      3        10.52269178        18.72425624
      4       132.23480306       466.62174058
      5     67280.26153214    163774.45882018
      6     53204.14732940    219925.68172491
      7      1217.00145326      4183.42825930
     10      2242.60106541     25059.03352784
     11      1617.96862736     25776.78576590
     12       275.07341708      1629.51599778
     14       437.12928511      2815.09267525
     15       180.95158664      3630.74351257
     16       222.33687334      1068.20582428
     17      1466.29057138      1787.92366949
     18      5260.80344133      7373.35964011
     19       113.96363499       133.72054429
     20    842084.97671986   1315601.88112930
     21  19192486.95900717  30578490.66577567
     22 239112111.98130536 310860701.54201663
     23   1932585.15609377   1622353.05635211
     24    467168.93053106    418125.89870137
     25       890.95638711      4086.93131340
     26        30.36222467        68.11633336
     27       229.94866757       364.22113306
     28     21620.94392111    110039.36571632
     29     77144.31955611    373034.35332283
     30     15417.23862479     38317.93770817
     31    599228.74455956   1056430.19160590
     32      6741.32933032      9589.87195361
     33    306152.54710762    354573.04167430
     34       494.48962899      1617.01897054
     35    715258.50076447   1052701.54529007
     36   2683215.35321045   5413189.37871193
     37      6122.17428483     64093.48813805
     38      3857.66984225     34855.02506458
     39      3928.02275570     53028.50738762
     40      1781.23395381     16260.24995101
     41      2690.97057314     14221.37012887
     42       142.41609193      2020.21555047
     43      8460.75418084     55695.70656333
     44      8128.61047646     25938.85215655
     45    326931.24745342    540858.13763486
     46     27081.09406326     44017.52111597
     47     29729.59732767     54790.98033024
     48      2379.08074958      3534.43888321
     49       190.12183822       555.02435492
     50     21251.30846621     53958.75113003
     51   1343993.87617998   2485386.76952793
     52    316670.81354749    501516.30002786
     53      4927.77896026      9728.75062415
     54      9173.63042618     23705.69404184
     55    830997.55028378   1453314.89786819
     56    723766.33957629   2410417.31874385
     57      4455.19117231     44234.19869304
     58       150.98833268      1594.18393548
