# Res1   Res2  Times / min: 0.167 1.0 10.0 120.0
     4      5  0.05825  0.30188  0.97250  1.00000 
     5      6  0.01476  0.08518  0.58948  0.99998 
     6      7  0.23919  0.80542  1.00000  1.00000 
     9     10  0.16286  0.65508  0.99998  1.00000 
    11     12  0.99808  1.00000  1.00000  1.00000 
    13     14  0.96587  1.00000  1.00000  1.00000 
    15     16  0.91139  1.00000  1.00000  1.00000 
    16     17  0.34646  0.92169  1.00000  1.00000 
    17     18  0.02520  0.14172  0.78308  1.00000 
    18     19  0.20546  0.74771  1.00000  1.00000 
    19     20  0.00037  0.00222  0.02196  0.23394 
    20     21  0.00002  0.00009  0.00094  0.01127 
    21     22  0.00000  0.00001  0.00007  0.00082 
    22     23  0.00008  0.00050  0.00501  0.05845 
    23     24  0.00207  0.01236  0.11695  0.77518 
    24     25  0.71850  0.99949  1.00000  1.00000 
    26     27  0.87721  1.00000  1.00000  1.00000 
    27     28  0.02301  0.13012  0.75193  1.00000 
    28     29  0.00536  0.03166  0.27508  0.97894 
    29     30  0.05806  0.30102  0.97216  1.00000 
    30     31  0.00228  0.01356  0.12760  0.80564 
    31     32  0.07213  0.36128  0.98870  1.00000 
    32     33  0.00115  0.00686  0.06653  0.56229 
    33     34  0.13702  0.58622  0.99985  1.00000 
    34     35  0.00019  0.00116  0.01151  0.12971 
    35     36  0.00048  0.00286  0.02827  0.29113 
    36     37  0.31362  0.89497  1.00000  1.00000 
    37     38  0.89423  1.00000  1.00000  1.00000 
    40     41  0.22836  0.78824  1.00000  1.00000 
    41     42  1.00000  1.00000  1.00000  1.00000 
    42     43  0.75132  0.99976  1.00000  1.00000 
    43     44  0.34925  0.92366  1.00000  1.00000 
    44     45  0.00129  0.00769  0.07428  0.60395 
    46     47  0.06230  0.31968  0.97876  1.00000 
    47     48  0.24056  0.80751  1.00000  1.00000 
    50     51  0.00081  0.00487  0.04761  0.44307 
    51     52  0.00333  0.01979  0.18116  0.90914 
    52     53  0.09673  0.45620  0.99774  1.00000 
    53     54  0.08988  0.43103  0.99644  1.00000 
    54     55  0.00258  0.01536  0.14341  0.84394 
    55     56  0.00369  0.02191  0.19875  0.92998 
