# ResID  ln(Protection factor)
      3         1.76120727
      4         3.62311515
      5         9.57244970
      6         9.28688485
      7         5.91480121
     10         5.90768242
     11         4.92270909
     12         3.91294424
     14         4.85129576
     15         3.03022303
     16         4.74578545
     17         6.39372000
     18         7.84859273
     19         4.61392970
     20        12.90892970
     21        16.29684970
     22        18.60126667
     23        14.25798788
     24        12.77492485
     25         5.85437333
     26         2.68476485
     27         4.89035636
     28         9.04575273
     29         9.63712000
     30         8.95417212
     31        12.63578545
     32         8.24609939
     33        12.03074788
     34         5.79588606
     35        12.96163636
     36        13.04485697
     37         6.65433939
     38         6.20319152
     39         5.81324364
     40         5.54886545
     41         6.61260606
     42         3.13457212
     43         6.65906424
     44         8.06461697
     45        12.19280242
     46         8.97617939
     47         9.22672485
     48         7.33582788
     49         4.40201576
     50         9.14117576
     51        13.31951273
     52        12.09329697
     53         8.07760121
     54         8.06265212
     55        13.03963394
     56        11.94413212
     57         5.61647758
     58         3.22273939
