# ResID  Protection factor Std. Dev.
      3        21.38092953        76.26659522
      4       131.07766101       438.50743328
      5     20402.05605260     50494.32394442
      6     29310.14554315     86497.98364208
      7       940.24140175      2716.28704070
     10       580.85263425      1054.09537705
     11       189.84307875       233.27963420
     12       149.50012294       232.33941920
     14       385.93591550      1098.42538897
     15        26.67572881        20.59261055
     16       109.41113473       131.27727584
     17       898.19555799       885.40415762
     18     13102.47082159     15126.73651864
     19       115.53009037        43.90903547
     20   1073205.02024491   1557776.51814937
     21  19092480.31541821  31421846.63673744
     22 266485157.29001486 255359105.17466828
     23   1663042.79377945   1083624.58148617
     24    433623.40644120    351095.09462584
     25       657.28529043       938.31178813
     26        19.40822816        27.80467259
     27       104.36271000       149.05123590
     28     12817.74080689     23453.46048198
     29    158717.12931650    482643.33511292
     30     13880.71591861     21810.92122889
     31   1022676.12809846   1485744.15337708
     32      7578.82770311     16490.41507994
     33    329997.14453500    274519.30420584
     34       426.82933478       395.53120117
     35   1265140.57906179   2059859.81546252
     36   8117804.67751533  15346327.41313150
     37     43034.82411815     48699.18552172
     38     13912.71229016     20942.63978687
     39        86.08642687        68.59077342
     40       680.49359514      1591.70933458
     41      1017.78723528      1434.96771912
     42        13.88132599        29.75865201
     43       923.72186831     10653.21922003
     44      4027.73075082      8552.47952979
     45    234618.79489451    360824.37951593
     46      3934.14423300      9492.26682948
     47     12352.52451894     18279.22423347
     48      1579.15227519      1613.43294979
     49       151.20446641       422.76686504
     50      4786.55439825      8408.97115985
     51    631641.00549719    893983.45385163
     52    242243.63612117    331538.15165093
     53      2526.45013649      5654.36004421
     54      2712.83427410      4506.53880410
     55    251739.01774033    335344.18374392
     56    140596.44237360    535598.12285897
     57      4494.46422751     29040.45513353
     58       126.82738210       907.20052577
