# ResID  ln(Protection factor)
      3         2.30012799
      4         4.00707129
      5         8.83753225
      6         9.34320468
      7         6.00073093
     10         5.65264074
     11         4.94778822
     12         4.48990601
     14         5.64178882
     15         3.14717528
     16         4.10937206
     17         6.09847615
     18         9.09239276
     19         4.69587241
     20        13.15336066
     21        16.29561444
     22        18.92286071
     23        14.13479552
     24        12.66657234
     25         5.79203180
     26         2.26575042
     27         4.07203180
     28         8.97881012
     29        10.64550245
     30         8.88342866
     31        13.10999000
     32         8.21945805
     33        12.36115188
     34         5.83565943
     35        13.54510249
     36        15.32956404
     37        10.17443956
     38         8.85663834
     39         4.20587741
     40         5.28389761
     41         6.39784522
     42         2.22298170
     43         5.68046295
     44         7.25103790
     45        11.78449755
     46         7.80781522
     47         8.51920408
     48         7.07035996
     49         4.02471753
     50         7.55907809
     51        12.75953805
     52        11.87598540
     53         7.38875912
     54         7.49729427
     55        11.91304170
     56        10.24685231
     57         4.60785121
     58         3.14754525
