# ResID  Protection factor
      3        21.38092953
      4       131.07766101
      5     20402.05605260
      6     29310.14554315
      7       940.24140175
     10       580.85263425
     11       189.84307875
     12       149.50012294
     14       385.93591550
     15        26.67572881
     16       109.41113473
     17       898.19555799
     18     13102.47082159
     19       115.53009037
     20   1073205.02024491
     21  19092480.31541821
     22 266485157.29001486
     23   1663042.79377945
     24    433623.40644120
     25       657.28529043
     26        19.40822816
     27       104.36271000
     28     12817.74080689
     29    158717.12931650
     30     13880.71591861
     31   1022676.12809846
     32      7578.82770311
     33    329997.14453500
     34       426.82933478
     35   1265140.57906179
     36   8117804.67751533
     37     43034.82411815
     38     13912.71229016
     39        86.08642687
     40       680.49359514
     41      1017.78723528
     42        13.88132599
     43       923.72186831
     44      4027.73075082
     45    234618.79489451
     46      3934.14423300
     47     12352.52451894
     48      1579.15227519
     49       151.20446641
     50      4786.55439825
     51    631641.00549719
     52    242243.63612117
     53      2526.45013649
     54      2712.83427410
     55    251739.01774033
     56    140596.44237360
     57      4494.46422751
     58       126.82738210
