# ResID  Times / min: 0.167 1.0 10.0 120.0
  5  0.02429  0.10113  0.02175  0.00000 
  6  0.00683  0.03736  0.13994  0.00002 
  7 -0.05574 -0.10255 -0.00001  0.00000 
 10 -0.00095 -0.00235 -0.00001  0.00000 
 12  0.00134  0.00000  0.00000  0.00000 
 14 -0.01864  0.00000  0.00000  0.00000 
 16 -0.02724  0.00000  0.00000  0.00000 
 17  0.11839  0.05465  0.00000  0.00000 
 18 -0.00734 -0.03945 -0.12305  0.00000 
 19 -0.00274 -0.00526  0.00000  0.00000 
 20 -0.00001 -0.00008 -0.00073 -0.00691 
 21  0.00000  0.00000 -0.00001 -0.00020 
 22  0.00000  0.00000  0.00000 -0.00001 
 23  0.00001  0.00002  0.00014  0.00162 
 24 -0.00017 -0.00105 -0.00945 -0.03061 
 25  0.00484  0.00005  0.00000  0.00000 
 27 -0.03281 -0.00001  0.00000  0.00000 
 28  0.00187  0.00990  0.02681  0.00000 
 29 -0.00028 -0.00162 -0.01222 -0.00468 
 30  0.01350  0.05792  0.01612  0.00000 
 31 -0.00025 -0.00146 -0.01302 -0.03779 
 32  0.01668  0.06574  0.00749  0.00000 
 33 -0.00006 -0.00033 -0.00312 -0.01791 
 34  0.01659  0.04541  0.00010  0.00000 
 35  0.00004  0.00019  0.00190  0.01981 
 36  0.00019  0.00117  0.01129  0.09281 
 37 -0.14390 -0.22331 -0.00001  0.00000 
 38 -0.13845 -0.00022  0.00000  0.00000 
 41 -0.02056 -0.03612  0.00000  0.00000 
 42  0.00000  0.00000  0.00000  0.00000 
 43 -0.01922 -0.00014  0.00000  0.00000 
 44 -0.13056 -0.15180  0.00000  0.00000 
 45 -0.00004 -0.00023 -0.00210 -0.01091 
 47  0.04547  0.17514  0.02016  0.00000 
 48  0.04545  0.05947  0.00000  0.00000 
 51  0.00042  0.00247  0.02346  0.14406 
 52  0.00069  0.00406  0.03327  0.03563 
 53 -0.00325 -0.01181 -0.00054  0.00000 
 54 -0.00293 -0.01105 -0.00075  0.00000 
 55  0.00025  0.00149  0.01290  0.02599 
 56  0.00274  0.01598  0.12163  0.06031 
