# ResID  Intrinsic rate / min^-1 
      3       917.89750993
      4       481.71945087
      5      5161.71683323
      6       961.15665221
      7       606.44884922
     10       391.55626544
     11      1210.02453405
     12      1874.10610826
     14      2586.98658096
     15      3332.68430264
     16      1670.29882931
     17      1523.33063592
     18       391.55626418
     19       138.92940524
     20       897.00357941
     21      1129.26060126
     22       818.07698781
     23       781.25745830
     24      4393.33353955
     25      2647.24524348
     26      1155.56446029
     27      1670.29882931
     28      1182.48101644
     29       492.94013356
     30      2772.00606395
     31      4195.60095807
     32      1709.20508419
     33      1155.56445915
     34       290.26466884
     35       492.94013192
     36      1326.76551956
     37      1749.01759097
     38      6649.57939778
     39      4393.33353926
     40      2102.78164041
     41      1155.56446029
     42      2008.14087449
     43      6498.21649010
     44      8180.76987097
     45      1523.33063570
     46      1326.76551855
     47      3915.56263922
     48      2528.09957894
     49       983.54486703
     50      1129.26070603
     51      2970.25801533
     52      3571.03556843
     53      1962.43000752
     54      1789.75743804
     55      7125.15269472
     56      3410.31249293
     57      1749.01759097
     58        29.70267902
