# ResID  ln(Protection factor) Std. Dev.
      3         2.30012799         1.01710266
      4         4.00707129         1.17447922
      5         8.83753225         1.49131971
      6         9.34320468         1.42359365
      7         6.00073093         1.21668710
     10         5.65264074         1.14684356
     11         4.94778822         0.75029159
     12         4.48990601         0.96478867
     14         5.64178882         0.53383637
     15         3.14717528         0.49984966
     16         4.10937206         1.21523210
     17         6.09847615         1.45659948
     18         9.09239276         0.91360547
     19         4.69587241         0.31543732
     20        13.15336066         1.22226275
     21        16.29561444         0.92042555
     22        18.92286071         1.07771479
     23        14.13479552         0.63269335
     24        12.66657234         0.85936229
     25         5.79203180         1.30886371
     26         2.26575042         1.19052686
     27         4.07203180         1.06458226
     28         8.97881012         0.96504805
     29        10.64550245         1.58890676
     30         8.88342866         1.14709012
     31        13.10999000         1.23787744
     32         8.21945805         1.06239863
     33        12.36115188         0.91989732
     34         5.83565943         0.63025047
     35        13.54510249         0.97365033
     36        15.32956404         1.03734394
     37        10.17443956         1.07121167
     38         8.85663834         1.14953554
     39         4.20587741         0.70787652
     40         5.28389761         1.46820235
     41         6.39784522         0.97318628
     42         2.22298170         0.78493936
     43         5.68046295         1.11841600
     44         7.25103790         1.48432401
     45        11.78449755         1.01185589
     46         7.80781522         0.79707628
     47         8.51920408         1.45625348
     48         7.07035996         0.74809161
     49         4.02471753         1.26613247
     50         7.55907809         1.39694897
     51        12.75953805         1.18075346
     52        11.87598540         1.05916446
     53         7.38875912         0.88132162
     54         7.49729427         0.85841122
     55        11.91304170         1.09118156
     56        10.24685231         1.89241660
     57         4.60785121         2.11924679
     58         3.14754525         1.52735258
