# ResID  Deuterated fraction, Times / min: 0.167 1.0 10.0 120.0
      3  1.00000  1.00000  1.00000  1.00000 
      4  0.76847  0.99984  1.00000  1.00000 
      5  0.11763  0.52734  0.99944  1.00000 
      6  0.01396  0.08071  0.56897  0.99996 
      7  0.22187  0.77735  1.00000  1.00000 
     10  0.20499  0.74682  1.00000  1.00000 
     11  0.76178  0.99981  1.00000  1.00000 
     12  0.97017  1.00000  1.00000  1.00000 
     14  0.78394  0.99990  1.00000  1.00000 
     15  1.00000  1.00000  1.00000  1.00000 
     16  0.98974  1.00000  1.00000  1.00000 
     17  0.43529  0.96735  1.00000  1.00000 
     18  0.00733  0.04310  0.35633  0.99494 
     19  0.19095  0.71884  1.00000  1.00000 
     20  0.00029  0.00174  0.01724  0.18837 
     21  0.00002  0.00009  0.00095  0.01128 
     22  0.00000  0.00000  0.00005  0.00059 
     23  0.00009  0.00057  0.00566  0.06586 
     24  0.00231  0.01376  0.12943  0.81047 
     25  0.74054  0.99969  1.00000  1.00000 
     26  1.00000  1.00000  1.00000  1.00000 
     27  0.99138  1.00000  1.00000  1.00000 
     28  0.02458  0.13848  0.77475  1.00000 
     29  0.00196  0.01167  0.11073  0.75544 
     30  0.06218  0.31913  0.97859  1.00000 
     31  0.00142  0.00846  0.08145  0.63922 
     32  0.07400  0.36896  0.98999  1.00000 
     33  0.00083  0.00494  0.04827  0.44774 
     34  0.13205  0.57173  0.99979  1.00000 
     35  0.00011  0.00065  0.00644  0.07459 
     36  0.00005  0.00029  0.00291  0.03442 
     37  0.01108  0.06452  0.48673  0.99967 
     38  0.14629  0.61214  0.99992  1.00000 
     39  0.99998  1.00000  1.00000  1.00000 
     40  0.83159  0.99998  1.00000  1.00000 
     41  0.27482  0.85400  1.00000  1.00000 
     42  1.00000  1.00000  1.00000  1.00000 
     43  0.97534  1.00000  1.00000  1.00000 
     44  0.62062  0.99698  1.00000  1.00000 
     45  0.00194  0.01154  0.10962  0.75174 
     46  0.08614  0.41690  0.99546  1.00000 
     47  0.12236  0.54230  0.99960  1.00000 
     48  0.30151  0.88336  1.00000  1.00000 
     49  0.94687  1.00000  1.00000  1.00000 
     50  0.09364  0.44498  0.99723  1.00000 
     51  0.00142  0.00850  0.08184  0.64108 
     52  0.00414  0.02453  0.21994  0.94924 
     53  0.18339  0.70273  0.99999  1.00000 
     54  0.15275  0.62938  0.99995  1.00000 
     55  0.00794  0.04663  0.37970  0.99676 
     56  0.02000  0.11393  0.70168  1.00000 
     57  0.94569  1.00000  1.00000  1.00000 
     58  0.19191  0.72083  1.00000  1.00000 
