0.000000000000000000e+00
0.000000000000000000e+00
0.000000000000000000e+00
0.000000000000000000e+00
0.000000000000000000e+00
0.000000000000000000e+00
0.000000000000000000e+00
0.000000000000000000e+00
0.000000000000000000e+00
0.000000000000000000e+00
0.000000000000000000e+00
0.000000000000000000e+00
0.000000000000000000e+00
0.000000000000000000e+00
0.000000000000000000e+00
0.000000000000000000e+00
0.000000000000000000e+00
0.000000000000000000e+00
0.000000000000000000e+00
0.000000000000000000e+00
0.000000000000000000e+00
0.000000000000000000e+00
0.000000000000000000e+00
0.000000000000000000e+00
0.000000000000000000e+00
0.000000000000000000e+00
0.000000000000000000e+00
0.000000000000000000e+00
0.000000000000000000e+00
0.000000000000000000e+00
0.000000000000000000e+00
0.000000000000000000e+00
0.000000000000000000e+00
0.000000000000000000e+00
0.000000000000000000e+00
0.000000000000000000e+00
0.000000000000000000e+00
0.000000000000000000e+00
0.000000000000000000e+00
0.000000000000000000e+00
0.000000000000000000e+00
0.000000000000000000e+00
0.000000000000000000e+00
0.000000000000000000e+00
0.000000000000000000e+00
0.000000000000000000e+00
0.000000000000000000e+00
0.000000000000000000e+00
0.000000000000000000e+00
0.000000000000000000e+00
0.000000000000000000e+00
0.000000000000000000e+00
0.000000000000000000e+00
0.000000000000000000e+00
0.000000000000000000e+00
0.000000000000000000e+00
0.000000000000000000e+00
0.000000000000000000e+00
0.000000000000000000e+00
0.000000000000000000e+00
0.000000000000000000e+00
0.000000000000000000e+00
0.000000000000000000e+00
0.000000000000000000e+00
0.000000000000000000e+00
0.000000000000000000e+00
0.000000000000000000e+00
0.000000000000000000e+00
0.000000000000000000e+00
0.000000000000000000e+00
0.000000000000000000e+00
0.000000000000000000e+00
4.899999999999999842e-04
4.899999999999999842e-04
4.899999999999999842e-04
4.899999999999999842e-04
4.899999999999999842e-04
4.899999999999999842e-04
4.899999999999999842e-04
4.899999999999999842e-04
4.899999999999999842e-04
4.899999999999999842e-04
1.422599999999999976e-01
1.422599999999999976e-01
1.422599999999999976e-01
1.422599999999999976e-01
1.422599999999999976e-01
1.422599999999999976e-01
1.422599999999999976e-01
1.422599999999999976e-01
1.422599999999999976e-01
1.422599999999999976e-01
1.422599999999999976e-01
1.422599999999999976e-01
1.422599999999999976e-01
1.422599999999999976e-01
1.422599999999999976e-01
1.422599999999999976e-01
1.422599999999999976e-01
1.422599999999999976e-01
1.422599999999999976e-01
-8.000000000000000654e-05
-8.000000000000000654e-05
-8.000000000000000654e-05
-8.000000000000000654e-05
-8.000000000000000654e-05
-8.000000000000000654e-05
-8.000000000000000654e-05
-8.000000000000000654e-05
-8.000000000000000654e-05
-8.000000000000000654e-05
-8.000000000000000654e-05
-8.000000000000000654e-05
-8.000000000000000654e-05
-8.000000000000000654e-05
-8.000000000000000654e-05
0.000000000000000000e+00
0.000000000000000000e+00
0.000000000000000000e+00
0.000000000000000000e+00
0.000000000000000000e+00
0.000000000000000000e+00
0.000000000000000000e+00
0.000000000000000000e+00
0.000000000000000000e+00
0.000000000000000000e+00
0.000000000000000000e+00
0.000000000000000000e+00
0.000000000000000000e+00
0.000000000000000000e+00
0.000000000000000000e+00
0.000000000000000000e+00
0.000000000000000000e+00
0.000000000000000000e+00
0.000000000000000000e+00
0.000000000000000000e+00
0.000000000000000000e+00
0.000000000000000000e+00
0.000000000000000000e+00
0.000000000000000000e+00
0.000000000000000000e+00
0.000000000000000000e+00
0.000000000000000000e+00
0.000000000000000000e+00
0.000000000000000000e+00
0.000000000000000000e+00
0.000000000000000000e+00
0.000000000000000000e+00
0.000000000000000000e+00
0.000000000000000000e+00
0.000000000000000000e+00
0.000000000000000000e+00
0.000000000000000000e+00
0.000000000000000000e+00
0.000000000000000000e+00
0.000000000000000000e+00
0.000000000000000000e+00
0.000000000000000000e+00
0.000000000000000000e+00
0.000000000000000000e+00
0.000000000000000000e+00
0.000000000000000000e+00
0.000000000000000000e+00
0.000000000000000000e+00
0.000000000000000000e+00
0.000000000000000000e+00
0.000000000000000000e+00
0.000000000000000000e+00
0.000000000000000000e+00
0.000000000000000000e+00
0.000000000000000000e+00
0.000000000000000000e+00
0.000000000000000000e+00
0.000000000000000000e+00
0.000000000000000000e+00
0.000000000000000000e+00
0.000000000000000000e+00
0.000000000000000000e+00
0.000000000000000000e+00
0.000000000000000000e+00
0.000000000000000000e+00
0.000000000000000000e+00
0.000000000000000000e+00
0.000000000000000000e+00
0.000000000000000000e+00
0.000000000000000000e+00
0.000000000000000000e+00
0.000000000000000000e+00
0.000000000000000000e+00
0.000000000000000000e+00
0.000000000000000000e+00
0.000000000000000000e+00
0.000000000000000000e+00
0.000000000000000000e+00
0.000000000000000000e+00
0.000000000000000000e+00
0.000000000000000000e+00
0.000000000000000000e+00
0.000000000000000000e+00
0.000000000000000000e+00
0.000000000000000000e+00
0.000000000000000000e+00
0.000000000000000000e+00
0.000000000000000000e+00
0.000000000000000000e+00
0.000000000000000000e+00
0.000000000000000000e+00
0.000000000000000000e+00
0.000000000000000000e+00
0.000000000000000000e+00
0.000000000000000000e+00
0.000000000000000000e+00
0.000000000000000000e+00
0.000000000000000000e+00
0.000000000000000000e+00
0.000000000000000000e+00
0.000000000000000000e+00
0.000000000000000000e+00
0.000000000000000000e+00
0.000000000000000000e+00
0.000000000000000000e+00
0.000000000000000000e+00
0.000000000000000000e+00
0.000000000000000000e+00
0.000000000000000000e+00
0.000000000000000000e+00
0.000000000000000000e+00
0.000000000000000000e+00
0.000000000000000000e+00
0.000000000000000000e+00
0.000000000000000000e+00
0.000000000000000000e+00
0.000000000000000000e+00
0.000000000000000000e+00
0.000000000000000000e+00
0.000000000000000000e+00
0.000000000000000000e+00
0.000000000000000000e+00
0.000000000000000000e+00
0.000000000000000000e+00
0.000000000000000000e+00
0.000000000000000000e+00
0.000000000000000000e+00
0.000000000000000000e+00
0.000000000000000000e+00
0.000000000000000000e+00
0.000000000000000000e+00
0.000000000000000000e+00
0.000000000000000000e+00
0.000000000000000000e+00
0.000000000000000000e+00
0.000000000000000000e+00
0.000000000000000000e+00
0.000000000000000000e+00
0.000000000000000000e+00
0.000000000000000000e+00
0.000000000000000000e+00
0.000000000000000000e+00
0.000000000000000000e+00
0.000000000000000000e+00
0.000000000000000000e+00
0.000000000000000000e+00
0.000000000000000000e+00
0.000000000000000000e+00
0.000000000000000000e+00
0.000000000000000000e+00
-2.310999999999999860e-02
-2.310999999999999860e-02
-2.310999999999999860e-02
-2.310999999999999860e-02
-2.310999999999999860e-02
-2.310999999999999860e-02
-2.310999999999999860e-02
-2.310999999999999860e-02
-2.310999999999999860e-02
-2.310999999999999860e-02
-2.310999999999999860e-02
-2.310999999999999860e-02
-2.310999999999999860e-02
-2.310999999999999860e-02
-2.310999999999999860e-02
-2.310999999999999860e-02
-2.310999999999999860e-02
-2.310999999999999860e-02
-2.310999999999999860e-02
0.000000000000000000e+00
0.000000000000000000e+00
0.000000000000000000e+00
0.000000000000000000e+00
0.000000000000000000e+00
0.000000000000000000e+00
0.000000000000000000e+00
0.000000000000000000e+00
0.000000000000000000e+00
0.000000000000000000e+00
0.000000000000000000e+00
0.000000000000000000e+00
0.000000000000000000e+00
0.000000000000000000e+00
0.000000000000000000e+00
0.000000000000000000e+00
0.000000000000000000e+00
0.000000000000000000e+00
0.000000000000000000e+00
-5.500000000000000331e-04
-5.500000000000000331e-04
-5.500000000000000331e-04
-5.500000000000000331e-04
-5.500000000000000331e-04
-5.500000000000000331e-04
-5.500000000000000331e-04
-5.500000000000000331e-04
-5.500000000000000331e-04
-5.500000000000000331e-04
-5.500000000000000331e-04
-5.500000000000000331e-04
-5.500000000000000331e-04
-5.500000000000000331e-04
-5.500000000000000331e-04
-5.500000000000000331e-04
-5.500000000000000331e-04
-5.500000000000000331e-04
-5.500000000000000331e-04
-5.500000000000000331e-04
-5.500000000000000331e-04
-5.500000000000000331e-04
-5.500000000000000331e-04
-5.500000000000000331e-04
1.299999999999999886e-04
1.299999999999999886e-04
1.299999999999999886e-04
1.299999999999999886e-04
1.299999999999999886e-04
1.299999999999999886e-04
1.299999999999999886e-04
1.299999999999999886e-04
1.299999999999999886e-04
1.299999999999999886e-04
1.299999999999999886e-04
1.299999999999999886e-04
1.299999999999999886e-04
1.299999999999999886e-04
1.299999999999999886e-04
1.299999999999999886e-04
1.299999999999999886e-04
1.299999999999999886e-04
1.299999999999999886e-04
1.299999999999999886e-04
1.299999999999999886e-04
0.000000000000000000e+00
0.000000000000000000e+00
0.000000000000000000e+00
0.000000000000000000e+00
0.000000000000000000e+00
0.000000000000000000e+00
0.000000000000000000e+00
0.000000000000000000e+00
0.000000000000000000e+00
0.000000000000000000e+00
0.000000000000000000e+00
0.000000000000000000e+00
0.000000000000000000e+00
0.000000000000000000e+00
0.000000000000000000e+00
0.000000000000000000e+00
0.000000000000000000e+00
0.000000000000000000e+00
0.000000000000000000e+00
0.000000000000000000e+00
2.400000000000000061e-04
2.400000000000000061e-04
2.400000000000000061e-04
2.400000000000000061e-04
2.400000000000000061e-04
2.400000000000000061e-04
2.400000000000000061e-04
2.400000000000000061e-04
2.400000000000000061e-04
2.400000000000000061e-04
2.400000000000000061e-04
2.400000000000000061e-04
2.400000000000000061e-04
2.400000000000000061e-04
2.400000000000000061e-04
2.400000000000000061e-04
2.400000000000000061e-04
2.400000000000000061e-04
2.400000000000000061e-04
2.400000000000000061e-04
2.400000000000000061e-04
-2.099000000000000171e-02
-2.099000000000000171e-02
-2.099000000000000171e-02
-2.099000000000000171e-02
-2.099000000000000171e-02
-2.099000000000000171e-02
-2.099000000000000171e-02
-2.099000000000000171e-02
-2.099000000000000171e-02
-2.099000000000000171e-02
-2.099000000000000171e-02
-2.099000000000000171e-02
-2.099000000000000171e-02
-2.099000000000000171e-02
0.000000000000000000e+00
0.000000000000000000e+00
0.000000000000000000e+00
0.000000000000000000e+00
0.000000000000000000e+00
0.000000000000000000e+00
0.000000000000000000e+00
0.000000000000000000e+00
0.000000000000000000e+00
0.000000000000000000e+00
0.000000000000000000e+00
0.000000000000000000e+00
0.000000000000000000e+00
0.000000000000000000e+00
0.000000000000000000e+00
0.000000000000000000e+00
0.000000000000000000e+00
0.000000000000000000e+00
0.000000000000000000e+00
0.000000000000000000e+00
0.000000000000000000e+00
0.000000000000000000e+00
0.000000000000000000e+00
0.000000000000000000e+00
0.000000000000000000e+00
0.000000000000000000e+00
0.000000000000000000e+00
0.000000000000000000e+00
0.000000000000000000e+00
0.000000000000000000e+00
0.000000000000000000e+00
0.000000000000000000e+00
0.000000000000000000e+00
0.000000000000000000e+00
0.000000000000000000e+00
0.000000000000000000e+00
0.000000000000000000e+00
0.000000000000000000e+00
0.000000000000000000e+00
0.000000000000000000e+00
0.000000000000000000e+00
0.000000000000000000e+00
5.539999999999999786e-02
5.539999999999999786e-02
5.539999999999999786e-02
5.539999999999999786e-02
5.539999999999999786e-02
5.539999999999999786e-02
5.539999999999999786e-02
5.020000000000000157e-03
5.020000000000000157e-03
5.020000000000000157e-03
5.020000000000000157e-03
5.020000000000000157e-03
5.020000000000000157e-03
5.020000000000000157e-03
5.020000000000000157e-03
5.020000000000000157e-03
5.020000000000000157e-03
5.020000000000000157e-03
5.020000000000000157e-03
5.020000000000000157e-03
5.020000000000000157e-03
5.020000000000000157e-03
5.020000000000000157e-03
5.020000000000000157e-03
5.020000000000000157e-03
5.020000000000000157e-03
1.966000000000000039e-02
1.966000000000000039e-02
1.966000000000000039e-02
1.966000000000000039e-02
1.966000000000000039e-02
1.966000000000000039e-02
1.966000000000000039e-02
1.966000000000000039e-02
1.966000000000000039e-02
1.966000000000000039e-02
-1.604999999999999830e-02
-1.604999999999999830e-02
-1.604999999999999830e-02
-1.604999999999999830e-02
-1.604999999999999830e-02
-1.604999999999999830e-02
-1.604999999999999830e-02
-1.604999999999999830e-02
-1.604999999999999830e-02
-1.604999999999999830e-02
-1.604999999999999830e-02
-1.604999999999999830e-02
-1.604999999999999830e-02
-1.604999999999999830e-02
-1.604999999999999830e-02
-1.604999999999999830e-02
-1.604999999999999830e-02
9.199999999999999845e-03
9.199999999999999845e-03
9.199999999999999845e-03
9.199999999999999845e-03
9.199999999999999845e-03
9.199999999999999845e-03
9.199999999999999845e-03
9.199999999999999845e-03
9.199999999999999845e-03
9.199999999999999845e-03
9.199999999999999845e-03
9.199999999999999845e-03
9.199999999999999845e-03
9.199999999999999845e-03
-1.760000000000000063e-03
-1.760000000000000063e-03
-1.760000000000000063e-03
-1.760000000000000063e-03
-1.760000000000000063e-03
-1.760000000000000063e-03
-1.760000000000000063e-03
-1.760000000000000063e-03
-1.760000000000000063e-03
-1.760000000000000063e-03
-1.760000000000000063e-03
-1.760000000000000063e-03
-1.760000000000000063e-03
-1.760000000000000063e-03
-1.760000000000000063e-03
-1.760000000000000063e-03
-1.760000000000000063e-03
-1.760000000000000063e-03
-1.760000000000000063e-03
-1.760000000000000063e-03
1.700000000000000122e-04
1.700000000000000122e-04
1.700000000000000122e-04
1.700000000000000122e-04
1.700000000000000122e-04
1.700000000000000122e-04
1.700000000000000122e-04
1.700000000000000122e-04
1.700000000000000122e-04
1.700000000000000122e-04
1.700000000000000122e-04
1.700000000000000122e-04
1.700000000000000122e-04
1.700000000000000122e-04
1.700000000000000122e-04
1.700000000000000122e-04
9.799999999999999684e-04
9.799999999999999684e-04
9.799999999999999684e-04
9.799999999999999684e-04
9.799999999999999684e-04
9.799999999999999684e-04
9.799999999999999684e-04
9.799999999999999684e-04
9.799999999999999684e-04
9.799999999999999684e-04
9.799999999999999684e-04
9.799999999999999684e-04
9.799999999999999684e-04
9.799999999999999684e-04
9.799999999999999684e-04
9.799999999999999684e-04
9.799999999999999684e-04
9.799999999999999684e-04
9.799999999999999684e-04
9.799999999999999684e-04
9.799999999999999684e-04
2.599999999999999772e-04
2.599999999999999772e-04
2.599999999999999772e-04
2.599999999999999772e-04
2.599999999999999772e-04
2.599999999999999772e-04
2.599999999999999772e-04
3.445000000000000145e-02
3.445000000000000145e-02
3.445000000000000145e-02
3.445000000000000145e-02
3.445000000000000145e-02
3.445000000000000145e-02
3.445000000000000145e-02
8.000000000000000654e-05
8.000000000000000654e-05
8.000000000000000654e-05
8.000000000000000654e-05
8.000000000000000654e-05
8.000000000000000654e-05
8.000000000000000654e-05
8.000000000000000654e-05
8.000000000000000654e-05
8.000000000000000654e-05
0.000000000000000000e+00
0.000000000000000000e+00
0.000000000000000000e+00
0.000000000000000000e+00
0.000000000000000000e+00
0.000000000000000000e+00
0.000000000000000000e+00
0.000000000000000000e+00
0.000000000000000000e+00
0.000000000000000000e+00
0.000000000000000000e+00
0.000000000000000000e+00
0.000000000000000000e+00
0.000000000000000000e+00
0.000000000000000000e+00
0.000000000000000000e+00
0.000000000000000000e+00
0.000000000000000000e+00
0.000000000000000000e+00
0.000000000000000000e+00
0.000000000000000000e+00
0.000000000000000000e+00
0.000000000000000000e+00
0.000000000000000000e+00
0.000000000000000000e+00
0.000000000000000000e+00
0.000000000000000000e+00
0.000000000000000000e+00
0.000000000000000000e+00
0.000000000000000000e+00
0.000000000000000000e+00
0.000000000000000000e+00
0.000000000000000000e+00
0.000000000000000000e+00
0.000000000000000000e+00
0.000000000000000000e+00
0.000000000000000000e+00
0.000000000000000000e+00
0.000000000000000000e+00
0.000000000000000000e+00
0.000000000000000000e+00
0.000000000000000000e+00
0.000000000000000000e+00
0.000000000000000000e+00
0.000000000000000000e+00
0.000000000000000000e+00
0.000000000000000000e+00
0.000000000000000000e+00
0.000000000000000000e+00
0.000000000000000000e+00
0.000000000000000000e+00
0.000000000000000000e+00
0.000000000000000000e+00
0.000000000000000000e+00
0.000000000000000000e+00
0.000000000000000000e+00
0.000000000000000000e+00
0.000000000000000000e+00
0.000000000000000000e+00
0.000000000000000000e+00
0.000000000000000000e+00
0.000000000000000000e+00
0.000000000000000000e+00
0.000000000000000000e+00
0.000000000000000000e+00
0.000000000000000000e+00
0.000000000000000000e+00
0.000000000000000000e+00
0.000000000000000000e+00
0.000000000000000000e+00
0.000000000000000000e+00
0.000000000000000000e+00
0.000000000000000000e+00
0.000000000000000000e+00
0.000000000000000000e+00
0.000000000000000000e+00
0.000000000000000000e+00
0.000000000000000000e+00
0.000000000000000000e+00
0.000000000000000000e+00
0.000000000000000000e+00
0.000000000000000000e+00
0.000000000000000000e+00
0.000000000000000000e+00
0.000000000000000000e+00
0.000000000000000000e+00
0.000000000000000000e+00
0.000000000000000000e+00
0.000000000000000000e+00
0.000000000000000000e+00
0.000000000000000000e+00
0.000000000000000000e+00
0.000000000000000000e+00
0.000000000000000000e+00
0.000000000000000000e+00
0.000000000000000000e+00
0.000000000000000000e+00
0.000000000000000000e+00
0.000000000000000000e+00
0.000000000000000000e+00
0.000000000000000000e+00
0.000000000000000000e+00
0.000000000000000000e+00
0.000000000000000000e+00
0.000000000000000000e+00
0.000000000000000000e+00
0.000000000000000000e+00
0.000000000000000000e+00
-3.379000000000000059e-02
-3.379000000000000059e-02
-3.379000000000000059e-02
-3.379000000000000059e-02
-3.379000000000000059e-02
-3.379000000000000059e-02
-3.379000000000000059e-02
-3.379000000000000059e-02
-3.379000000000000059e-02
-3.379000000000000059e-02
-3.379000000000000059e-02
-3.379000000000000059e-02
-3.379000000000000059e-02
-3.379000000000000059e-02
-3.379000000000000059e-02
-3.379000000000000059e-02
-3.379000000000000059e-02
-3.379000000000000059e-02
-3.379000000000000059e-02
-3.379000000000000059e-02
0.000000000000000000e+00
0.000000000000000000e+00
0.000000000000000000e+00
0.000000000000000000e+00
0.000000000000000000e+00
0.000000000000000000e+00
0.000000000000000000e+00
0.000000000000000000e+00
0.000000000000000000e+00
0.000000000000000000e+00
0.000000000000000000e+00
0.000000000000000000e+00
0.000000000000000000e+00
0.000000000000000000e+00
0.000000000000000000e+00
0.000000000000000000e+00
0.000000000000000000e+00
0.000000000000000000e+00
0.000000000000000000e+00
0.000000000000000000e+00
0.000000000000000000e+00
0.000000000000000000e+00
4.000000000000000192e-04
4.000000000000000192e-04
4.000000000000000192e-04
4.000000000000000192e-04
4.000000000000000192e-04
4.000000000000000192e-04
4.000000000000000192e-04
4.000000000000000192e-04
4.000000000000000192e-04
4.000000000000000192e-04
4.000000000000000192e-04
0.000000000000000000e+00
0.000000000000000000e+00
0.000000000000000000e+00
0.000000000000000000e+00
0.000000000000000000e+00
0.000000000000000000e+00
0.000000000000000000e+00
0.000000000000000000e+00
0.000000000000000000e+00
0.000000000000000000e+00
0.000000000000000000e+00
0.000000000000000000e+00
0.000000000000000000e+00
0.000000000000000000e+00
0.000000000000000000e+00
0.000000000000000000e+00
0.000000000000000000e+00
0.000000000000000000e+00
0.000000000000000000e+00
0.000000000000000000e+00
0.000000000000000000e+00
0.000000000000000000e+00
0.000000000000000000e+00
0.000000000000000000e+00
0.000000000000000000e+00
0.000000000000000000e+00
0.000000000000000000e+00
0.000000000000000000e+00
0.000000000000000000e+00
0.000000000000000000e+00
0.000000000000000000e+00
0.000000000000000000e+00
0.000000000000000000e+00
0.000000000000000000e+00
0.000000000000000000e+00
0.000000000000000000e+00
0.000000000000000000e+00
3.785000000000000170e-02
3.785000000000000170e-02
3.785000000000000170e-02
3.785000000000000170e-02
3.785000000000000170e-02
3.785000000000000170e-02
3.785000000000000170e-02
3.785000000000000170e-02
3.785000000000000170e-02
3.785000000000000170e-02
4.708999999999999991e-02
4.708999999999999991e-02
4.708999999999999991e-02
4.708999999999999991e-02
4.708999999999999991e-02
4.708999999999999991e-02
4.708999999999999991e-02
4.708999999999999991e-02
4.708999999999999991e-02
4.708999999999999991e-02
4.708999999999999991e-02
4.708999999999999991e-02
4.708999999999999991e-02
4.708999999999999991e-02
4.708999999999999991e-02
4.708999999999999991e-02
4.708999999999999991e-02
-9.000000000000000567e-05
-9.000000000000000567e-05
-9.000000000000000567e-05
-9.000000000000000567e-05
-9.000000000000000567e-05
-9.000000000000000567e-05
-9.000000000000000567e-05
-9.000000000000000567e-05
-9.000000000000000567e-05
-9.000000000000000567e-05
-9.000000000000000567e-05
-9.000000000000000567e-05
-9.000000000000000567e-05
-9.000000000000000567e-05
-9.000000000000000567e-05
-9.000000000000000567e-05
-9.000000000000000567e-05
-9.000000000000000567e-05
-9.000000000000000567e-05
-9.000000000000000567e-05
-9.000000000000000567e-05
-9.000000000000000567e-05
-9.000000000000000567e-05
-9.000000000000000567e-05
-1.600000000000000131e-04
-1.600000000000000131e-04
-1.600000000000000131e-04
-1.600000000000000131e-04
-1.600000000000000131e-04
-1.600000000000000131e-04
-1.600000000000000131e-04
-1.600000000000000131e-04
-1.600000000000000131e-04
-1.600000000000000131e-04
-1.600000000000000131e-04
-1.600000000000000131e-04
-1.600000000000000131e-04
-1.600000000000000131e-04
8.600000000000000006e-03
8.600000000000000006e-03
8.600000000000000006e-03
8.600000000000000006e-03
8.600000000000000006e-03
8.600000000000000006e-03
8.600000000000000006e-03
8.600000000000000006e-03
8.600000000000000006e-03
8.600000000000000006e-03
2.053899999999999892e-01
2.053899999999999892e-01
2.053899999999999892e-01
2.053899999999999892e-01
2.053899999999999892e-01
2.053899999999999892e-01
2.053899999999999892e-01
0.000000000000000000e+00
0.000000000000000000e+00
0.000000000000000000e+00
0.000000000000000000e+00
0.000000000000000000e+00
0.000000000000000000e+00
0.000000000000000000e+00
0.000000000000000000e+00
0.000000000000000000e+00
0.000000000000000000e+00
0.000000000000000000e+00
0.000000000000000000e+00
0.000000000000000000e+00
0.000000000000000000e+00
0.000000000000000000e+00
0.000000000000000000e+00
0.000000000000000000e+00
0.000000000000000000e+00
0.000000000000000000e+00
0.000000000000000000e+00
0.000000000000000000e+00
0.000000000000000000e+00
0.000000000000000000e+00
0.000000000000000000e+00
0.000000000000000000e+00
0.000000000000000000e+00
0.000000000000000000e+00
0.000000000000000000e+00
0.000000000000000000e+00
0.000000000000000000e+00
0.000000000000000000e+00
0.000000000000000000e+00
0.000000000000000000e+00
0.000000000000000000e+00
0.000000000000000000e+00
0.000000000000000000e+00
0.000000000000000000e+00
0.000000000000000000e+00
0.000000000000000000e+00
0.000000000000000000e+00
0.000000000000000000e+00
0.000000000000000000e+00
0.000000000000000000e+00
0.000000000000000000e+00
0.000000000000000000e+00
0.000000000000000000e+00
0.000000000000000000e+00
0.000000000000000000e+00
0.000000000000000000e+00
0.000000000000000000e+00
0.000000000000000000e+00
0.000000000000000000e+00
0.000000000000000000e+00
0.000000000000000000e+00
0.000000000000000000e+00
0.000000000000000000e+00
0.000000000000000000e+00
0.000000000000000000e+00
0.000000000000000000e+00
0.000000000000000000e+00
0.000000000000000000e+00
0.000000000000000000e+00
0.000000000000000000e+00
0.000000000000000000e+00
0.000000000000000000e+00
0.000000000000000000e+00
0.000000000000000000e+00
0.000000000000000000e+00
0.000000000000000000e+00
0.000000000000000000e+00
0.000000000000000000e+00
0.000000000000000000e+00
0.000000000000000000e+00
0.000000000000000000e+00
0.000000000000000000e+00
0.000000000000000000e+00
0.000000000000000000e+00
0.000000000000000000e+00
0.000000000000000000e+00
0.000000000000000000e+00
0.000000000000000000e+00
0.000000000000000000e+00
0.000000000000000000e+00
0.000000000000000000e+00
0.000000000000000000e+00
0.000000000000000000e+00
0.000000000000000000e+00
0.000000000000000000e+00
0.000000000000000000e+00
0.000000000000000000e+00
0.000000000000000000e+00
0.000000000000000000e+00
0.000000000000000000e+00
0.000000000000000000e+00
0.000000000000000000e+00
0.000000000000000000e+00
0.000000000000000000e+00
0.000000000000000000e+00
0.000000000000000000e+00
0.000000000000000000e+00
0.000000000000000000e+00
0.000000000000000000e+00
0.000000000000000000e+00
0.000000000000000000e+00
0.000000000000000000e+00
0.000000000000000000e+00
0.000000000000000000e+00
0.000000000000000000e+00
0.000000000000000000e+00
0.000000000000000000e+00
0.000000000000000000e+00
0.000000000000000000e+00
0.000000000000000000e+00
0.000000000000000000e+00
0.000000000000000000e+00
0.000000000000000000e+00
0.000000000000000000e+00
0.000000000000000000e+00
0.000000000000000000e+00
0.000000000000000000e+00
0.000000000000000000e+00
0.000000000000000000e+00
0.000000000000000000e+00
0.000000000000000000e+00
0.000000000000000000e+00
0.000000000000000000e+00
0.000000000000000000e+00
0.000000000000000000e+00
0.000000000000000000e+00
0.000000000000000000e+00
0.000000000000000000e+00
0.000000000000000000e+00
0.000000000000000000e+00
0.000000000000000000e+00
0.000000000000000000e+00
0.000000000000000000e+00
0.000000000000000000e+00
0.000000000000000000e+00
0.000000000000000000e+00
0.000000000000000000e+00
0.000000000000000000e+00
0.000000000000000000e+00
0.000000000000000000e+00
0.000000000000000000e+00
0.000000000000000000e+00
0.000000000000000000e+00
0.000000000000000000e+00
0.000000000000000000e+00
0.000000000000000000e+00
0.000000000000000000e+00
0.000000000000000000e+00
0.000000000000000000e+00
0.000000000000000000e+00
0.000000000000000000e+00
0.000000000000000000e+00
0.000000000000000000e+00
0.000000000000000000e+00
0.000000000000000000e+00
0.000000000000000000e+00
0.000000000000000000e+00
0.000000000000000000e+00
0.000000000000000000e+00
0.000000000000000000e+00
0.000000000000000000e+00
0.000000000000000000e+00
0.000000000000000000e+00
0.000000000000000000e+00
0.000000000000000000e+00
0.000000000000000000e+00
0.000000000000000000e+00
0.000000000000000000e+00
0.000000000000000000e+00
0.000000000000000000e+00
0.000000000000000000e+00
0.000000000000000000e+00
0.000000000000000000e+00
0.000000000000000000e+00
0.000000000000000000e+00
0.000000000000000000e+00
0.000000000000000000e+00
0.000000000000000000e+00
0.000000000000000000e+00
0.000000000000000000e+00
0.000000000000000000e+00
0.000000000000000000e+00
0.000000000000000000e+00
0.000000000000000000e+00
0.000000000000000000e+00
0.000000000000000000e+00
0.000000000000000000e+00
0.000000000000000000e+00
0.000000000000000000e+00
0.000000000000000000e+00
0.000000000000000000e+00
0.000000000000000000e+00
0.000000000000000000e+00
0.000000000000000000e+00
0.000000000000000000e+00
0.000000000000000000e+00
0.000000000000000000e+00
0.000000000000000000e+00
0.000000000000000000e+00
0.000000000000000000e+00
0.000000000000000000e+00
0.000000000000000000e+00
0.000000000000000000e+00
0.000000000000000000e+00
0.000000000000000000e+00
0.000000000000000000e+00
0.000000000000000000e+00
0.000000000000000000e+00
0.000000000000000000e+00
0.000000000000000000e+00
