# ResID  Times / min: 0.167 1.0 10.0 120.0
  5  0.03013  0.08878  0.00049  0.00000 
  6  0.00657  0.03610  0.14226  0.00004 
  7 -0.07689 -0.16880 -0.00008  0.00000 
 10  0.00703  0.01311  0.00000  0.00000 
 12  0.00409  0.00000  0.00000  0.00000 
 14  0.01436  0.00003  0.00000  0.00000 
 16 -0.00377  0.00000  0.00000  0.00000 
 17  0.18260  0.02950  0.00000  0.00000 
 18 -0.00058 -0.00338 -0.02311 -0.00266 
 19 -0.00104 -0.00217  0.00000  0.00000 
 20 -0.00001 -0.00006 -0.00055 -0.00546 
 21  0.00000  0.00002  0.00013  0.00155 
 22  0.00000  0.00000  0.00000 -0.00005 
 23  0.00001  0.00002  0.00024  0.00267 
 24 -0.00039 -0.00235 -0.02099 -0.06271 
 25 -0.01418 -0.00012  0.00000  0.00000 
 27 -0.00211  0.00000  0.00000  0.00000 
 28  0.00459  0.02398  0.05540  0.00000 
 29  0.00009  0.00056  0.00502  0.01605 
 30  0.03845  0.15099  0.01966  0.00000 
 31 -0.00029 -0.00172 -0.01605 -0.08335 
 32  0.03808  0.14029  0.00920  0.00000 
 33 -0.00003 -0.00019 -0.00176 -0.01239 
 34  0.02241  0.06211  0.00017  0.00000 
 35  0.00001  0.00009  0.00098  0.01091 
 36  0.00000  0.00003  0.00026  0.00297 
 37  0.00114  0.00648  0.03445  0.00018 
 38  0.07915  0.17126  0.00008  0.00000 
 41 -0.01869 -0.02403  0.00000  0.00000 
 42  0.00000  0.00000  0.00000  0.00000 
 43 -0.01749  0.00000  0.00000  0.00000 
 44 -0.37416 -0.18069  0.00000  0.00000 
 45 -0.00062 -0.00369 -0.03379 -0.13993 
 47  0.14966  0.30829  0.00040  0.00000 
 48  0.11031  0.07497  0.00000  0.00000 
 51  0.00071  0.00417  0.03785  0.14235 
 52  0.00103  0.00606  0.04709  0.02672 
 53 -0.04056 -0.10012 -0.00009  0.00000 
 54 -0.02109 -0.05880 -0.00016  0.00000 
 55  0.00023  0.00133  0.00860  0.00050 
 56  0.01890  0.09754  0.20539  0.00000 
