# Times: 0.167 1.0 10.0 120.0
 0.11840  0.52981  0.99947  1.00000
 0.01407  0.08135  0.57194  0.99996
 0.22029  0.77462  1.00000  1.00000
 0.20517  0.74716  1.00000  1.00000
 0.97023  1.00000  1.00000  1.00000
 0.78427  0.99990  1.00000  1.00000
 0.98969  1.00000  1.00000  1.00000
 0.43904  0.96862  1.00000  1.00000
 0.00733  0.04309  0.35625  0.99493
 0.19093  0.71881  1.00000  1.00000
 0.00029  0.00174  0.01724  0.18833
 0.00002  0.00009  0.00095  0.01130
 0.00000  0.00000  0.00005  0.00059
 0.00009  0.00057  0.00566  0.06590
 0.00230  0.01371  0.12895  0.80923
 0.74030  0.99969  1.00000  1.00000
 0.99134  1.00000  1.00000  1.00000
 0.02465  0.13881  0.77561  1.00000
 0.00196  0.01167  0.11077  0.75556
 0.06256  0.32081  0.97911  1.00000
 0.00141  0.00842  0.08106  0.63737
 0.07456  0.37122  0.99034  1.00000
 0.00083  0.00493  0.04824  0.44750
 0.13237  0.57269  0.99980  1.00000
 0.00011  0.00065  0.00645  0.07474
 0.00005  0.00029  0.00292  0.03447
 0.01111  0.06472  0.48783  0.99967
 0.14758  0.61563  0.99993  1.00000
 0.27443  0.85353  1.00000  1.00000
 1.00000  1.00000  1.00000  1.00000
 0.97519  1.00000  1.00000  1.00000
 0.61477  0.99669  1.00000  1.00000
 0.00193  0.01148  0.10900  0.74967
 0.12437  0.54854  0.99965  1.00000
 0.30299  0.88483  1.00000  1.00000
 0.00144  0.00856  0.08241  0.64371
 0.00415  0.02460  0.22050  0.94967
 0.18250  0.70079  0.99999  1.00000
 0.15230  0.62821  0.99995  1.00000
 0.00796  0.04673  0.38031  0.99679
 0.02032  0.11570  0.70759  1.00000
