# Times: 0.167 1.0 10.0 120.0
 0.11815  0.52899  0.99946  1.00000
 0.01403  0.08114  0.57095  0.99996
 0.22081  0.77553  1.00000  1.00000
 0.20511  0.74705  1.00000  1.00000
 0.97021  1.00000  1.00000  1.00000
 0.78416  0.99990  1.00000  1.00000
 0.98971  1.00000  1.00000  1.00000
 0.43779  0.96820  1.00000  1.00000
 0.00733  0.04309  0.35628  0.99494
 0.19094  0.71882  1.00000  1.00000
 0.00029  0.00174  0.01724  0.18835
 0.00002  0.00009  0.00095  0.01130
 0.00000  0.00000  0.00005  0.00059
 0.00009  0.00057  0.00566  0.06588
 0.00231  0.01373  0.12911  0.80964
 0.74038  0.99969  1.00000  1.00000
 0.99136  1.00000  1.00000  1.00000
 0.02463  0.13870  0.77532  1.00000
 0.00196  0.01167  0.11076  0.75552
 0.06243  0.32025  0.97894  1.00000
 0.00141  0.00843  0.08119  0.63798
 0.07437  0.37047  0.99022  1.00000
 0.00083  0.00493  0.04825  0.44758
 0.13226  0.57237  0.99980  1.00000
 0.00011  0.00065  0.00645  0.07469
 0.00005  0.00029  0.00292  0.03445
 0.01110  0.06465  0.48747  0.99967
 0.14715  0.61447  0.99993  1.00000
 0.27456  0.85369  1.00000  1.00000
 1.00000  1.00000  1.00000  1.00000
 0.97524  1.00000  1.00000  1.00000
 0.61672  0.99679  1.00000  1.00000
 0.00193  0.01150  0.10921  0.75036
 0.12370  0.54646  0.99963  1.00000
 0.30249  0.88435  1.00000  1.00000
 0.00143  0.00854  0.08222  0.64284
 0.00415  0.02458  0.22031  0.94953
 0.18279  0.70143  0.99999  1.00000
 0.15245  0.62860  0.99995  1.00000
 0.00795  0.04670  0.38011  0.99678
 0.02022  0.11511  0.70564  1.00000
