# Times: 0.167 1.0 10.0 120.0
 0.16437  0.65878  0.99998  1.00000
 0.02483  0.13977  0.77811  1.00000
 0.10813  0.49603  0.99894  1.00000
 0.19671  0.73062  1.00000  1.00000
 0.99874  1.00000  1.00000  1.00000
 0.74381  0.99971  1.00000  1.00000
 0.99965  1.00000  1.00000  1.00000
 0.64455  0.99796  1.00000  1.00000
 0.00315  0.01869  0.17192  0.89604
 0.18291  0.70169  0.99999  1.00000
 0.00023  0.00135  0.01338  0.14931
 0.00003  0.00019  0.00187  0.02226
 0.00000  0.00000  0.00004  0.00053
 0.00011  0.00065  0.00648  0.07508
 0.00179  0.01065  0.10154  0.72333
 0.76723  0.99984  1.00000  1.00000
 0.98230  1.00000  1.00000  1.00000
 0.03724  0.20328  0.89694  1.00000
 0.00248  0.01474  0.13799  0.83167
 0.20026  0.73767  1.00000  1.00000
 0.00088  0.00528  0.05152  0.46991
 0.18644  0.70931  1.00000  1.00000
 0.00071  0.00425  0.04166  0.39987
 0.22167  0.77701  1.00000  1.00000
 0.00031  0.00187  0.01857  0.20148
 0.00016  0.00096  0.00960  0.10929
 0.01482  0.08553  0.59102  0.99998
 0.41067  0.95784  1.00000  1.00000
 0.31077  0.89232  1.00000  1.00000
 1.00000  1.00000  1.00000  1.00000
 0.83398  0.99998  1.00000  1.00000
 0.13115  0.56908  0.99978  1.00000
 0.00101  0.00601  0.05851  0.51495
 0.52161  0.98791  1.00000  1.00000
 0.55834  0.99250  1.00000  1.00000
 0.00250  0.01485  0.13896  0.83393
 0.00526  0.03111  0.27094  0.97745
 0.11215  0.50947  0.99919  1.00000
 0.09594  0.45336  0.99762  1.00000
 0.01017  0.05935  0.45763  0.99935
 0.07160  0.35908  0.98830  1.00000
