# Times: 0.167 1.0 10.0 120.0
 0.16433  0.65869  0.99998  1.00000
 0.02483  0.13976  0.77808  1.00000
 0.10932  0.50004  0.99902  1.00000
 0.19470  0.72656  1.00000  1.00000
 0.99910  1.00000  1.00000  1.00000
 0.73912  0.99968  1.00000  1.00000
 0.99975  1.00000  1.00000  1.00000
 0.64526  0.99798  1.00000  1.00000
 0.00304  0.01806  0.16663  0.88778
 0.18192  0.69952  0.99999  1.00000
 0.00022  0.00131  0.01305  0.14587
 0.00003  0.00019  0.00192  0.02274
 0.00000  0.00000  0.00004  0.00053
 0.00011  0.00066  0.00655  0.07580
 0.00179  0.01068  0.10183  0.72440
 0.76801  0.99984  1.00000  1.00000
 0.98303  1.00000  1.00000  1.00000
 0.03707  0.20245  0.89587  1.00000
 0.00253  0.01508  0.14097  0.83853
 0.20491  0.74666  1.00000  1.00000
 0.00088  0.00526  0.05135  0.46877
 0.19164  0.72027  1.00000  1.00000
 0.00070  0.00421  0.04132  0.39733
 0.22611  0.78451  1.00000  1.00000
 0.00033  0.00197  0.01954  0.21082
 0.00017  0.00104  0.01032  0.11705
 0.01508  0.08697  0.59743  0.99998
 0.42132  0.96220  1.00000  1.00000
 0.31717  0.89817  1.00000  1.00000
 1.00000  1.00000  1.00000  1.00000
 0.82402  0.99997  1.00000  1.00000
 0.13098  0.56858  0.99978  1.00000
 0.00100  0.00599  0.05827  0.51349
 0.52932  0.98903  1.00000  1.00000
 0.55892  0.99256  1.00000  1.00000
 0.00246  0.01462  0.13696  0.82926
 0.00519  0.03068  0.26773  0.97623
 0.11126  0.50652  0.99914  1.00000
 0.09355  0.44465  0.99721  1.00000
 0.01026  0.05986  0.46059  0.99939
 0.07173  0.35962  0.98840  1.00000
