# Times: 0.167 1.0 10.0 120.0
 0.11966  0.53381  0.99952  1.00000
 0.01426  0.08241  0.57686  0.99997
 0.21765  0.77003  1.00000  1.00000
 0.20545  0.74769  1.00000  1.00000
 0.97033  1.00000  1.00000  1.00000
 0.78482  0.99990  1.00000  1.00000
 0.98961  1.00000  1.00000  1.00000
 0.44527  0.97065  1.00000  1.00000
 0.00732  0.04307  0.35610  0.99492
 0.19091  0.71875  1.00000  1.00000
 0.00029  0.00174  0.01723  0.18827
 0.00002  0.00010  0.00095  0.01134
 0.00000  0.00000  0.00005  0.00059
 0.00009  0.00057  0.00567  0.06596
 0.00229  0.01362  0.12818  0.80718
 0.73992  0.99969  1.00000  1.00000
 0.99128  1.00000  1.00000  1.00000
 0.02475  0.13935  0.77702  1.00000
 0.00196  0.01168  0.11083  0.75576
 0.06322  0.32365  0.97997  1.00000
 0.00140  0.00835  0.08042  0.63436
 0.07548  0.37498  0.99090  1.00000
 0.00082  0.00493  0.04818  0.44711
 0.13291  0.57429  0.99980  1.00000
 0.00011  0.00065  0.00648  0.07500
 0.00005  0.00029  0.00292  0.03453
 0.01117  0.06505  0.48964  0.99969
 0.14972  0.62136  0.99994  1.00000
 0.27377  0.85273  1.00000  1.00000
 1.00000  1.00000  1.00000  1.00000
 0.97493  1.00000  1.00000  1.00000
 0.60515  0.99617  1.00000  1.00000
 0.00191  0.01136  0.10800  0.74626
 0.12777  0.55894  0.99972  1.00000
 0.30547  0.88727  1.00000  1.00000
 0.00145  0.00866  0.08335  0.64806
 0.00417  0.02472  0.22145  0.95040
 0.18104  0.69757  0.99999  1.00000
 0.15157  0.62629  0.99995  1.00000
 0.00799  0.04687  0.38127  0.99685
 0.02087  0.11862  0.71711  1.00000
