# Times: 0.167 1.0 10.0 120.0
 0.15272  0.62930  0.99995  1.00000
 0.02307  0.13042  0.75278  1.00000
 0.12584  0.55306  0.99968  1.00000
 0.21031  0.75679  1.00000  1.00000
 0.97695  1.00000  1.00000  1.00000
 0.79765  0.99993  1.00000  1.00000
 0.98568  1.00000  1.00000  1.00000
 0.65027  0.99815  1.00000  1.00000
 0.00622  0.03668  0.31183  0.98872
 0.19049  0.71789  1.00000  1.00000
 0.00028  0.00165  0.01637  0.17971
 0.00002  0.00012  0.00117  0.01398
 0.00000  0.00000  0.00004  0.00053
 0.00010  0.00061  0.00610  0.07080
 0.00184  0.01097  0.10446  0.73390
 0.73657  0.99966  1.00000  1.00000
 0.98883  1.00000  1.00000  1.00000
 0.03212  0.17758  0.85845  1.00000
 0.00211  0.01258  0.11887  0.78098
 0.12674  0.55581  0.99970  1.00000
 0.00103  0.00616  0.05996  0.52385
 0.12888  0.56228  0.99974  1.00000
 0.00078  0.00465  0.04558  0.42866
 0.16473  0.65967  0.99998  1.00000
 0.00014  0.00084  0.00834  0.09566
 0.00006  0.00035  0.00346  0.04076
 0.01223  0.07102  0.52131  0.99986
 0.26025  0.83553  1.00000  1.00000
 0.25127  0.82322  1.00000  1.00000
 1.00000  1.00000  1.00000  1.00000
 0.94262  1.00000  1.00000  1.00000
 0.17851  0.69193  0.99999  1.00000
 0.00119  0.00712  0.06893  0.57560
 0.33944  0.91651  1.00000  1.00000
 0.46654  0.97678  1.00000  1.00000
 0.00242  0.01441  0.13514  0.82487
 0.00566  0.03340  0.28799  0.98302
 0.13201  0.57164  0.99979  1.00000
 0.12288  0.54392  0.99961  1.00000
 0.00842  0.04939  0.39743  0.99771
 0.05019  0.26534  0.95420  1.00000
