# Times: 0.167 1.0 10.0 120.0
 0.11789  0.52817  0.99945  1.00000
 0.01399  0.08093  0.56996  0.99996
 0.22134  0.77644  1.00000  1.00000
 0.20505  0.74694  1.00000  1.00000
 0.97019  1.00000  1.00000  1.00000
 0.78405  0.99990  1.00000  1.00000
 0.98973  1.00000  1.00000  1.00000
 0.43654  0.96778  1.00000  1.00000
 0.00733  0.04310  0.35631  0.99494
 0.19094  0.71883  1.00000  1.00000
 0.00029  0.00174  0.01724  0.18836
 0.00002  0.00009  0.00095  0.01129
 0.00000  0.00000  0.00005  0.00059
 0.00009  0.00057  0.00566  0.06587
 0.00231  0.01375  0.12927  0.81006
 0.74046  0.99969  1.00000  1.00000
 0.99137  1.00000  1.00000  1.00000
 0.02461  0.13859  0.77504  1.00000
 0.00196  0.01167  0.11075  0.75548
 0.06230  0.31969  0.97876  1.00000
 0.00142  0.00845  0.08132  0.63860
 0.07419  0.36971  0.99011  1.00000
 0.00083  0.00493  0.04826  0.44766
 0.13215  0.57205  0.99979  1.00000
 0.00011  0.00065  0.00644  0.07464
 0.00005  0.00029  0.00292  0.03444
 0.01109  0.06459  0.48710  0.99967
 0.14672  0.61331  0.99993  1.00000
 0.27469  0.85385  1.00000  1.00000
 1.00000  1.00000  1.00000  1.00000
 0.97529  1.00000  1.00000  1.00000
 0.61867  0.99689  1.00000  1.00000
 0.00193  0.01152  0.10941  0.75105
 0.12303  0.54438  0.99961  1.00000
 0.30200  0.88386  1.00000  1.00000
 0.00143  0.00852  0.08203  0.64196
 0.00414  0.02456  0.22012  0.94938
 0.18309  0.70208  0.99999  1.00000
 0.15260  0.62899  0.99995  1.00000
 0.00795  0.04666  0.37991  0.99677
 0.02011  0.11452  0.70367  1.00000
