# Times: 0.167 1.0 10.0 120.0
 0.11766  0.52742  0.99944  1.00000
 0.01396  0.08073  0.56907  0.99996
 0.22181  0.77726  1.00000  1.00000
 0.20500  0.74684  1.00000  1.00000
 0.97017  1.00000  1.00000  1.00000
 0.78395  0.99990  1.00000  1.00000
 0.98974  1.00000  1.00000  1.00000
 0.43542  0.96739  1.00000  1.00000
 0.00733  0.04310  0.35633  0.99494
 0.19095  0.71884  1.00000  1.00000
 0.00029  0.00174  0.01724  0.18837
 0.00002  0.00009  0.00095  0.01128
 0.00000  0.00000  0.00005  0.00059
 0.00009  0.00057  0.00566  0.06586
 0.00231  0.01376  0.12941  0.81043
 0.74053  0.99969  1.00000  1.00000
 0.99138  1.00000  1.00000  1.00000
 0.02459  0.13849  0.77478  1.00000
 0.00196  0.01167  0.11073  0.75544
 0.06219  0.31919  0.97861  1.00000
 0.00142  0.00846  0.08143  0.63916
 0.07402  0.36904  0.99000  1.00000
 0.00083  0.00494  0.04827  0.44773
 0.13206  0.57176  0.99979  1.00000
 0.00011  0.00065  0.00644  0.07460
 0.00005  0.00029  0.00291  0.03442
 0.01108  0.06453  0.48676  0.99967
 0.14634  0.61226  0.99992  1.00000
 0.27481  0.85399  1.00000  1.00000
 1.00000  1.00000  1.00000  1.00000
 0.97534  1.00000  1.00000  1.00000
 0.62043  0.99697  1.00000  1.00000
 0.00194  0.01154  0.10960  0.75167
 0.12243  0.54251  0.99960  1.00000
 0.30156  0.88341  1.00000  1.00000
 0.00143  0.00850  0.08186  0.64117
 0.00414  0.02453  0.21996  0.94925
 0.18336  0.70266  0.99999  1.00000
 0.15273  0.62934  0.99995  1.00000
 0.00794  0.04664  0.37972  0.99676
 0.02001  0.11399  0.70188  1.00000
