# Times: 0.167 1.0 10.0 120.0
 0.11991  0.53460  0.99952  1.00000
 0.01430  0.08262  0.57784  0.99997
 0.21713  0.76910  1.00000  1.00000
 0.20550  0.74779  1.00000  1.00000
 0.97035  1.00000  1.00000  1.00000
 0.78493  0.99990  1.00000  1.00000
 0.98959  1.00000  1.00000  1.00000
 0.44651  0.97104  1.00000  1.00000
 0.00732  0.04306  0.35607  0.99492
 0.19090  0.71874  1.00000  1.00000
 0.00029  0.00174  0.01723  0.18825
 0.00002  0.00010  0.00095  0.01134
 0.00000  0.00000  0.00005  0.00059
 0.00009  0.00057  0.00567  0.06597
 0.00229  0.01361  0.12802  0.80677
 0.73985  0.99968  1.00000  1.00000
 0.99126  1.00000  1.00000  1.00000
 0.02477  0.13946  0.77731  1.00000
 0.00196  0.01168  0.11084  0.75581
 0.06335  0.32422  0.98014  1.00000
 0.00140  0.00834  0.08030  0.63377
 0.07567  0.37573  0.99101  1.00000
 0.00082  0.00493  0.04817  0.44703
 0.13302  0.57461  0.99981  1.00000
 0.00011  0.00065  0.00648  0.07505
 0.00005  0.00029  0.00293  0.03455
 0.01118  0.06512  0.48999  0.99969
 0.15015  0.62250  0.99994  1.00000
 0.27364  0.85257  1.00000  1.00000
 1.00000  1.00000  1.00000  1.00000
 0.97487  1.00000  1.00000  1.00000
 0.60324  0.99606  1.00000  1.00000
 0.00190  0.01134  0.10780  0.74558
 0.12846  0.56102  0.99973  1.00000
 0.30596  0.88775  1.00000  1.00000
 0.00146  0.00868  0.08353  0.64892
 0.00418  0.02475  0.22164  0.95055
 0.18075  0.69693  0.99999  1.00000
 0.15143  0.62591  0.99995  1.00000
 0.00799  0.04690  0.38146  0.99686
 0.02097  0.11920  0.71897  1.00000
