# Times: 0.167 1.0 10.0 120.0
 0.11768  0.52751  0.99945  1.00000
 0.01396  0.08076  0.56917  0.99996
 0.22176  0.77717  1.00000  1.00000
 0.20500  0.74685  1.00000  1.00000
 0.97017  1.00000  1.00000  1.00000
 0.78396  0.99990  1.00000  1.00000
 0.98974  1.00000  1.00000  1.00000
 0.43554  0.96743  1.00000  1.00000
 0.00733  0.04310  0.35633  0.99494
 0.19095  0.71884  1.00000  1.00000
 0.00029  0.00174  0.01724  0.18837
 0.00002  0.00009  0.00095  0.01128
 0.00000  0.00000  0.00005  0.00059
 0.00009  0.00057  0.00566  0.06586
 0.00231  0.01376  0.12939  0.81039
 0.74053  0.99969  1.00000  1.00000
 0.99138  1.00000  1.00000  1.00000
 0.02459  0.13850  0.77481  1.00000
 0.00196  0.01167  0.11074  0.75545
 0.06220  0.31924  0.97862  1.00000
 0.00142  0.00846  0.08142  0.63909
 0.07404  0.36911  0.99001  1.00000
 0.00083  0.00494  0.04827  0.44773
 0.13207  0.57180  0.99979  1.00000
 0.00011  0.00065  0.00644  0.07460
 0.00005  0.00029  0.00292  0.03443
 0.01108  0.06453  0.48680  0.99967
 0.14638  0.61238  0.99992  1.00000
 0.27480  0.85397  1.00000  1.00000
 1.00000  1.00000  1.00000  1.00000
 0.97533  1.00000  1.00000  1.00000
 0.62023  0.99697  1.00000  1.00000
 0.00194  0.01154  0.10958  0.75160
 0.12249  0.54271  0.99960  1.00000
 0.30161  0.88346  1.00000  1.00000
 0.00143  0.00851  0.08188  0.64126
 0.00414  0.02454  0.21997  0.94927
 0.18333  0.70260  0.99999  1.00000
 0.15272  0.62930  0.99995  1.00000
 0.00794  0.04664  0.37974  0.99676
 0.02002  0.11405  0.70208  1.00000
