# Times: 0.167 1.0 10.0 120.0
 0.12897  0.56255  0.99974  1.00000
 0.01585  0.09122  0.61579  0.99999
 0.19631  0.72981  1.00000  1.00000
 0.20707  0.75077  1.00000  1.00000
 0.97114  1.00000  1.00000  1.00000
 0.78910  0.99991  1.00000  1.00000
 0.98883  1.00000  1.00000  1.00000
 0.49556  0.98339  1.00000  1.00000
 0.00727  0.04274  0.35391  0.99471
 0.19063  0.71818  1.00000  1.00000
 0.00029  0.00173  0.01715  0.18742
 0.00002  0.00010  0.00098  0.01164
 0.00000  0.00000  0.00005  0.00058
 0.00010  0.00057  0.00572  0.06652
 0.00218  0.01296  0.12228  0.79095
 0.73749  0.99967  1.00000  1.00000
 0.99072  1.00000  1.00000  1.00000
 0.02563  0.14399  0.78876  1.00000
 0.00197  0.01174  0.11143  0.75771
 0.06937  0.34981  0.98650  1.00000
 0.00132  0.00786  0.07592  0.61229
 0.08345  0.40655  0.99458  1.00000
 0.00082  0.00488  0.04776  0.44417
 0.13758  0.58783  0.99986  1.00000
 0.00011  0.00067  0.00667  0.07713
 0.00005  0.00030  0.00297  0.03509
 0.01159  0.06742  0.50244  0.99977
 0.16744  0.66623  0.99998  1.00000
 0.26839  0.84608  1.00000  1.00000
 1.00000  1.00000  1.00000  1.00000
 0.97236  1.00000  1.00000  1.00000
 0.52914  0.98900  1.00000  1.00000
 0.00176  0.01051  0.10022  0.71841
 0.15828  0.64362  0.99997  1.00000
 0.32700  0.90664  1.00000  1.00000
 0.00160  0.00952  0.09119  0.68254
 0.00436  0.02583  0.23022  0.95671
 0.16974  0.67170  0.99999  1.00000
 0.14603  0.61143  0.99992  1.00000
 0.00815  0.04782  0.38739  0.99721
 0.02523  0.14190  0.78353  1.00000
