# Times: 0.167 1.0 10.0 120.0
 0.11786  0.52809  0.99945  1.00000
 0.01399  0.08090  0.56986  0.99996
 0.22139  0.77653  1.00000  1.00000
 0.20505  0.74693  1.00000  1.00000
 0.97019  1.00000  1.00000  1.00000
 0.78404  0.99990  1.00000  1.00000
 0.98973  1.00000  1.00000  1.00000
 0.43642  0.96774  1.00000  1.00000
 0.00733  0.04310  0.35631  0.99494
 0.19095  0.71883  1.00000  1.00000
 0.00029  0.00174  0.01724  0.18836
 0.00002  0.00009  0.00095  0.01129
 0.00000  0.00000  0.00005  0.00059
 0.00009  0.00057  0.00566  0.06587
 0.00231  0.01375  0.12928  0.81010
 0.74047  0.99969  1.00000  1.00000
 0.99137  1.00000  1.00000  1.00000
 0.02460  0.13858  0.77501  1.00000
 0.00196  0.01167  0.11074  0.75548
 0.06229  0.31963  0.97875  1.00000
 0.00142  0.00845  0.08133  0.63866
 0.07417  0.36964  0.99009  1.00000
 0.00083  0.00493  0.04826  0.44767
 0.13214  0.57202  0.99979  1.00000
 0.00011  0.00065  0.00644  0.07464
 0.00005  0.00029  0.00292  0.03444
 0.01109  0.06458  0.48706  0.99967
 0.14668  0.61319  0.99993  1.00000
 0.27470  0.85386  1.00000  1.00000
 1.00000  1.00000  1.00000  1.00000
 0.97530  1.00000  1.00000  1.00000
 0.61886  0.99690  1.00000  1.00000
 0.00193  0.01152  0.10943  0.75112
 0.12296  0.54417  0.99961  1.00000
 0.30195  0.88381  1.00000  1.00000
 0.00143  0.00852  0.08201  0.64187
 0.00414  0.02455  0.22011  0.94937
 0.18312  0.70214  0.99999  1.00000
 0.15262  0.62902  0.99995  1.00000
 0.00795  0.04666  0.37989  0.99677
 0.02010  0.11446  0.70347  1.00000
