0.000000000000000000e+00
0.000000000000000000e+00
0.000000000000000000e+00
0.000000000000000000e+00
0.000000000000000000e+00
0.000000000000000000e+00
0.000000000000000000e+00
0.000000000000000000e+00
0.000000000000000000e+00
0.000000000000000000e+00
0.000000000000000000e+00
0.000000000000000000e+00
0.000000000000000000e+00
0.000000000000000000e+00
0.000000000000000000e+00
0.000000000000000000e+00
0.000000000000000000e+00
0.000000000000000000e+00
0.000000000000000000e+00
0.000000000000000000e+00
0.000000000000000000e+00
0.000000000000000000e+00
0.000000000000000000e+00
0.000000000000000000e+00
0.000000000000000000e+00
0.000000000000000000e+00
0.000000000000000000e+00
0.000000000000000000e+00
0.000000000000000000e+00
0.000000000000000000e+00
0.000000000000000000e+00
0.000000000000000000e+00
0.000000000000000000e+00
0.000000000000000000e+00
0.000000000000000000e+00
0.000000000000000000e+00
0.000000000000000000e+00
0.000000000000000000e+00
0.000000000000000000e+00
0.000000000000000000e+00
0.000000000000000000e+00
0.000000000000000000e+00
0.000000000000000000e+00
0.000000000000000000e+00
0.000000000000000000e+00
0.000000000000000000e+00
0.000000000000000000e+00
0.000000000000000000e+00
0.000000000000000000e+00
0.000000000000000000e+00
0.000000000000000000e+00
0.000000000000000000e+00
0.000000000000000000e+00
0.000000000000000000e+00
0.000000000000000000e+00
0.000000000000000000e+00
0.000000000000000000e+00
0.000000000000000000e+00
0.000000000000000000e+00
0.000000000000000000e+00
0.000000000000000000e+00
0.000000000000000000e+00
0.000000000000000000e+00
0.000000000000000000e+00
0.000000000000000000e+00
0.000000000000000000e+00
0.000000000000000000e+00
0.000000000000000000e+00
0.000000000000000000e+00
0.000000000000000000e+00
0.000000000000000000e+00
0.000000000000000000e+00
3.013000000000000053e-02
3.013000000000000053e-02
3.013000000000000053e-02
3.013000000000000053e-02
3.013000000000000053e-02
3.013000000000000053e-02
3.013000000000000053e-02
3.013000000000000053e-02
3.013000000000000053e-02
3.013000000000000053e-02
6.570000000000000319e-03
6.570000000000000319e-03
6.570000000000000319e-03
6.570000000000000319e-03
6.570000000000000319e-03
6.570000000000000319e-03
6.570000000000000319e-03
6.570000000000000319e-03
6.570000000000000319e-03
6.570000000000000319e-03
6.570000000000000319e-03
6.570000000000000319e-03
6.570000000000000319e-03
6.570000000000000319e-03
6.570000000000000319e-03
6.570000000000000319e-03
6.570000000000000319e-03
6.570000000000000319e-03
6.570000000000000319e-03
-7.689000000000000001e-02
-7.689000000000000001e-02
-7.689000000000000001e-02
-7.689000000000000001e-02
-7.689000000000000001e-02
-7.689000000000000001e-02
-7.689000000000000001e-02
-7.689000000000000001e-02
-7.689000000000000001e-02
-7.689000000000000001e-02
-7.689000000000000001e-02
-7.689000000000000001e-02
-7.689000000000000001e-02
-7.689000000000000001e-02
-7.689000000000000001e-02
0.000000000000000000e+00
0.000000000000000000e+00
0.000000000000000000e+00
0.000000000000000000e+00
0.000000000000000000e+00
0.000000000000000000e+00
0.000000000000000000e+00
0.000000000000000000e+00
0.000000000000000000e+00
0.000000000000000000e+00
0.000000000000000000e+00
0.000000000000000000e+00
0.000000000000000000e+00
0.000000000000000000e+00
0.000000000000000000e+00
0.000000000000000000e+00
0.000000000000000000e+00
0.000000000000000000e+00
0.000000000000000000e+00
0.000000000000000000e+00
0.000000000000000000e+00
0.000000000000000000e+00
0.000000000000000000e+00
0.000000000000000000e+00
0.000000000000000000e+00
0.000000000000000000e+00
0.000000000000000000e+00
0.000000000000000000e+00
7.029999999999999791e-03
7.029999999999999791e-03
7.029999999999999791e-03
7.029999999999999791e-03
7.029999999999999791e-03
7.029999999999999791e-03
7.029999999999999791e-03
7.029999999999999791e-03
7.029999999999999791e-03
7.029999999999999791e-03
7.029999999999999791e-03
7.029999999999999791e-03
7.029999999999999791e-03
7.029999999999999791e-03
7.029999999999999791e-03
7.029999999999999791e-03
7.029999999999999791e-03
7.029999999999999791e-03
7.029999999999999791e-03
7.029999999999999791e-03
7.029999999999999791e-03
0.000000000000000000e+00
0.000000000000000000e+00
0.000000000000000000e+00
0.000000000000000000e+00
0.000000000000000000e+00
0.000000000000000000e+00
0.000000000000000000e+00
0.000000000000000000e+00
0.000000000000000000e+00
0.000000000000000000e+00
0.000000000000000000e+00
0.000000000000000000e+00
0.000000000000000000e+00
0.000000000000000000e+00
4.089999999999999886e-03
4.089999999999999886e-03
4.089999999999999886e-03
4.089999999999999886e-03
4.089999999999999886e-03
4.089999999999999886e-03
4.089999999999999886e-03
0.000000000000000000e+00
0.000000000000000000e+00
0.000000000000000000e+00
0.000000000000000000e+00
0.000000000000000000e+00
0.000000000000000000e+00
0.000000000000000000e+00
0.000000000000000000e+00
0.000000000000000000e+00
0.000000000000000000e+00
0.000000000000000000e+00
0.000000000000000000e+00
0.000000000000000000e+00
0.000000000000000000e+00
1.435999999999999950e-02
1.435999999999999950e-02
1.435999999999999950e-02
1.435999999999999950e-02
1.435999999999999950e-02
1.435999999999999950e-02
1.435999999999999950e-02
1.435999999999999950e-02
1.435999999999999950e-02
1.435999999999999950e-02
0.000000000000000000e+00
0.000000000000000000e+00
0.000000000000000000e+00
0.000000000000000000e+00
0.000000000000000000e+00
0.000000000000000000e+00
0.000000000000000000e+00
0.000000000000000000e+00
0.000000000000000000e+00
0.000000000000000000e+00
0.000000000000000000e+00
0.000000000000000000e+00
0.000000000000000000e+00
0.000000000000000000e+00
0.000000000000000000e+00
0.000000000000000000e+00
0.000000000000000000e+00
0.000000000000000000e+00
0.000000000000000000e+00
0.000000000000000000e+00
0.000000000000000000e+00
0.000000000000000000e+00
-3.769999999999999914e-03
-3.769999999999999914e-03
-3.769999999999999914e-03
-3.769999999999999914e-03
-3.769999999999999914e-03
-3.769999999999999914e-03
-3.769999999999999914e-03
-3.769999999999999914e-03
-3.769999999999999914e-03
-3.769999999999999914e-03
1.826000000000000123e-01
1.826000000000000123e-01
1.826000000000000123e-01
1.826000000000000123e-01
1.826000000000000123e-01
1.826000000000000123e-01
1.826000000000000123e-01
1.826000000000000123e-01
1.826000000000000123e-01
1.826000000000000123e-01
1.826000000000000123e-01
1.826000000000000123e-01
1.826000000000000123e-01
1.826000000000000123e-01
1.826000000000000123e-01
1.826000000000000123e-01
1.826000000000000123e-01
1.826000000000000123e-01
1.826000000000000123e-01
1.826000000000000123e-01
1.826000000000000123e-01
1.826000000000000123e-01
1.826000000000000123e-01
1.826000000000000123e-01
-5.800000000000000034e-04
-5.800000000000000034e-04
-5.800000000000000034e-04
-5.800000000000000034e-04
-5.800000000000000034e-04
-5.800000000000000034e-04
-5.800000000000000034e-04
-5.800000000000000034e-04
-5.800000000000000034e-04
-5.800000000000000034e-04
-5.800000000000000034e-04
-5.800000000000000034e-04
-5.800000000000000034e-04
-5.800000000000000034e-04
-5.800000000000000034e-04
-5.800000000000000034e-04
-5.800000000000000034e-04
-5.800000000000000034e-04
-5.800000000000000034e-04
-1.039999999999999909e-03
-1.039999999999999909e-03
-1.039999999999999909e-03
-1.039999999999999909e-03
-1.039999999999999909e-03
-1.039999999999999909e-03
-1.039999999999999909e-03
-1.039999999999999909e-03
-1.039999999999999909e-03
-1.039999999999999909e-03
-1.039999999999999909e-03
-1.039999999999999909e-03
-1.039999999999999909e-03
-1.039999999999999909e-03
-1.039999999999999909e-03
-1.039999999999999909e-03
-1.039999999999999909e-03
-1.039999999999999909e-03
-1.039999999999999909e-03
-1.000000000000000082e-05
-1.000000000000000082e-05
-1.000000000000000082e-05
-1.000000000000000082e-05
-1.000000000000000082e-05
-1.000000000000000082e-05
-1.000000000000000082e-05
-1.000000000000000082e-05
-1.000000000000000082e-05
-1.000000000000000082e-05
-1.000000000000000082e-05
-1.000000000000000082e-05
-1.000000000000000082e-05
-1.000000000000000082e-05
-1.000000000000000082e-05
-1.000000000000000082e-05
-1.000000000000000082e-05
-1.000000000000000082e-05
-1.000000000000000082e-05
-1.000000000000000082e-05
-1.000000000000000082e-05
-1.000000000000000082e-05
-1.000000000000000082e-05
-1.000000000000000082e-05
0.000000000000000000e+00
0.000000000000000000e+00
0.000000000000000000e+00
0.000000000000000000e+00
0.000000000000000000e+00
0.000000000000000000e+00
0.000000000000000000e+00
0.000000000000000000e+00
0.000000000000000000e+00
0.000000000000000000e+00
0.000000000000000000e+00
0.000000000000000000e+00
0.000000000000000000e+00
0.000000000000000000e+00
0.000000000000000000e+00
0.000000000000000000e+00
0.000000000000000000e+00
0.000000000000000000e+00
0.000000000000000000e+00
0.000000000000000000e+00
0.000000000000000000e+00
0.000000000000000000e+00
0.000000000000000000e+00
0.000000000000000000e+00
0.000000000000000000e+00
0.000000000000000000e+00
0.000000000000000000e+00
0.000000000000000000e+00
0.000000000000000000e+00
0.000000000000000000e+00
0.000000000000000000e+00
0.000000000000000000e+00
0.000000000000000000e+00
0.000000000000000000e+00
0.000000000000000000e+00
0.000000000000000000e+00
0.000000000000000000e+00
0.000000000000000000e+00
0.000000000000000000e+00
0.000000000000000000e+00
0.000000000000000000e+00
1.000000000000000082e-05
1.000000000000000082e-05
1.000000000000000082e-05
1.000000000000000082e-05
1.000000000000000082e-05
1.000000000000000082e-05
1.000000000000000082e-05
1.000000000000000082e-05
1.000000000000000082e-05
1.000000000000000082e-05
1.000000000000000082e-05
1.000000000000000082e-05
1.000000000000000082e-05
1.000000000000000082e-05
1.000000000000000082e-05
1.000000000000000082e-05
1.000000000000000082e-05
1.000000000000000082e-05
1.000000000000000082e-05
1.000000000000000082e-05
1.000000000000000082e-05
-3.899999999999999929e-04
-3.899999999999999929e-04
-3.899999999999999929e-04
-3.899999999999999929e-04
-3.899999999999999929e-04
-3.899999999999999929e-04
-3.899999999999999929e-04
-3.899999999999999929e-04
-3.899999999999999929e-04
-3.899999999999999929e-04
-3.899999999999999929e-04
-3.899999999999999929e-04
-3.899999999999999929e-04
-3.899999999999999929e-04
-1.417999999999999990e-02
-1.417999999999999990e-02
-1.417999999999999990e-02
-1.417999999999999990e-02
-1.417999999999999990e-02
-1.417999999999999990e-02
-1.417999999999999990e-02
-1.417999999999999990e-02
-1.417999999999999990e-02
-1.417999999999999990e-02
0.000000000000000000e+00
0.000000000000000000e+00
0.000000000000000000e+00
0.000000000000000000e+00
0.000000000000000000e+00
0.000000000000000000e+00
0.000000000000000000e+00
0.000000000000000000e+00
0.000000000000000000e+00
0.000000000000000000e+00
0.000000000000000000e+00
0.000000000000000000e+00
0.000000000000000000e+00
0.000000000000000000e+00
0.000000000000000000e+00
0.000000000000000000e+00
0.000000000000000000e+00
0.000000000000000000e+00
0.000000000000000000e+00
0.000000000000000000e+00
0.000000000000000000e+00
0.000000000000000000e+00
-2.109999999999999896e-03
-2.109999999999999896e-03
-2.109999999999999896e-03
-2.109999999999999896e-03
-2.109999999999999896e-03
-2.109999999999999896e-03
-2.109999999999999896e-03
-2.109999999999999896e-03
-2.109999999999999896e-03
-2.109999999999999896e-03
4.590000000000000330e-03
4.590000000000000330e-03
4.590000000000000330e-03
4.590000000000000330e-03
4.590000000000000330e-03
4.590000000000000330e-03
4.590000000000000330e-03
9.000000000000000567e-05
9.000000000000000567e-05
9.000000000000000567e-05
9.000000000000000567e-05
9.000000000000000567e-05
9.000000000000000567e-05
9.000000000000000567e-05
9.000000000000000567e-05
9.000000000000000567e-05
9.000000000000000567e-05
9.000000000000000567e-05
9.000000000000000567e-05
9.000000000000000567e-05
9.000000000000000567e-05
9.000000000000000567e-05
9.000000000000000567e-05
9.000000000000000567e-05
9.000000000000000567e-05
9.000000000000000567e-05
3.844999999999999807e-02
3.844999999999999807e-02
3.844999999999999807e-02
3.844999999999999807e-02
3.844999999999999807e-02
3.844999999999999807e-02
3.844999999999999807e-02
3.844999999999999807e-02
3.844999999999999807e-02
3.844999999999999807e-02
-2.900000000000000017e-04
-2.900000000000000017e-04
-2.900000000000000017e-04
-2.900000000000000017e-04
-2.900000000000000017e-04
-2.900000000000000017e-04
-2.900000000000000017e-04
-2.900000000000000017e-04
-2.900000000000000017e-04
-2.900000000000000017e-04
-2.900000000000000017e-04
-2.900000000000000017e-04
-2.900000000000000017e-04
-2.900000000000000017e-04
-2.900000000000000017e-04
-2.900000000000000017e-04
-2.900000000000000017e-04
3.808000000000000274e-02
3.808000000000000274e-02
3.808000000000000274e-02
3.808000000000000274e-02
3.808000000000000274e-02
3.808000000000000274e-02
3.808000000000000274e-02
3.808000000000000274e-02
3.808000000000000274e-02
3.808000000000000274e-02
3.808000000000000274e-02
3.808000000000000274e-02
3.808000000000000274e-02
3.808000000000000274e-02
-3.000000000000000076e-05
-3.000000000000000076e-05
-3.000000000000000076e-05
-3.000000000000000076e-05
-3.000000000000000076e-05
-3.000000000000000076e-05
-3.000000000000000076e-05
-3.000000000000000076e-05
-3.000000000000000076e-05
-3.000000000000000076e-05
-3.000000000000000076e-05
-3.000000000000000076e-05
-3.000000000000000076e-05
-3.000000000000000076e-05
-3.000000000000000076e-05
-3.000000000000000076e-05
-3.000000000000000076e-05
-3.000000000000000076e-05
-3.000000000000000076e-05
-3.000000000000000076e-05
2.240999999999999936e-02
2.240999999999999936e-02
2.240999999999999936e-02
2.240999999999999936e-02
2.240999999999999936e-02
2.240999999999999936e-02
2.240999999999999936e-02
2.240999999999999936e-02
2.240999999999999936e-02
2.240999999999999936e-02
2.240999999999999936e-02
2.240999999999999936e-02
2.240999999999999936e-02
2.240999999999999936e-02
2.240999999999999936e-02
2.240999999999999936e-02
1.000000000000000082e-05
1.000000000000000082e-05
1.000000000000000082e-05
1.000000000000000082e-05
1.000000000000000082e-05
1.000000000000000082e-05
1.000000000000000082e-05
1.000000000000000082e-05
1.000000000000000082e-05
1.000000000000000082e-05
1.000000000000000082e-05
1.000000000000000082e-05
1.000000000000000082e-05
1.000000000000000082e-05
1.000000000000000082e-05
1.000000000000000082e-05
1.000000000000000082e-05
1.000000000000000082e-05
1.000000000000000082e-05
1.000000000000000082e-05
1.000000000000000082e-05
0.000000000000000000e+00
0.000000000000000000e+00
0.000000000000000000e+00
0.000000000000000000e+00
0.000000000000000000e+00
0.000000000000000000e+00
0.000000000000000000e+00
1.139999999999999954e-03
1.139999999999999954e-03
1.139999999999999954e-03
1.139999999999999954e-03
1.139999999999999954e-03
1.139999999999999954e-03
1.139999999999999954e-03
7.914999999999999813e-02
7.914999999999999813e-02
7.914999999999999813e-02
7.914999999999999813e-02
7.914999999999999813e-02
7.914999999999999813e-02
7.914999999999999813e-02
7.914999999999999813e-02
7.914999999999999813e-02
7.914999999999999813e-02
0.000000000000000000e+00
0.000000000000000000e+00
0.000000000000000000e+00
0.000000000000000000e+00
0.000000000000000000e+00
0.000000000000000000e+00
0.000000000000000000e+00
0.000000000000000000e+00
0.000000000000000000e+00
0.000000000000000000e+00
0.000000000000000000e+00
0.000000000000000000e+00
0.000000000000000000e+00
0.000000000000000000e+00
0.000000000000000000e+00
0.000000000000000000e+00
0.000000000000000000e+00
0.000000000000000000e+00
0.000000000000000000e+00
0.000000000000000000e+00
0.000000000000000000e+00
0.000000000000000000e+00
0.000000000000000000e+00
0.000000000000000000e+00
0.000000000000000000e+00
0.000000000000000000e+00
0.000000000000000000e+00
0.000000000000000000e+00
0.000000000000000000e+00
0.000000000000000000e+00
0.000000000000000000e+00
0.000000000000000000e+00
0.000000000000000000e+00
0.000000000000000000e+00
-1.868999999999999828e-02
-1.868999999999999828e-02
-1.868999999999999828e-02
-1.868999999999999828e-02
-1.868999999999999828e-02
-1.868999999999999828e-02
-1.868999999999999828e-02
-1.868999999999999828e-02
-1.868999999999999828e-02
-1.868999999999999828e-02
-1.868999999999999828e-02
-1.868999999999999828e-02
-1.868999999999999828e-02
-1.868999999999999828e-02
-1.868999999999999828e-02
-1.868999999999999828e-02
-1.868999999999999828e-02
-1.868999999999999828e-02
-1.868999999999999828e-02
-1.868999999999999828e-02
-1.868999999999999828e-02
-1.868999999999999828e-02
0.000000000000000000e+00
0.000000000000000000e+00
0.000000000000000000e+00
0.000000000000000000e+00
0.000000000000000000e+00
0.000000000000000000e+00
0.000000000000000000e+00
0.000000000000000000e+00
0.000000000000000000e+00
0.000000000000000000e+00
0.000000000000000000e+00
0.000000000000000000e+00
0.000000000000000000e+00
0.000000000000000000e+00
0.000000000000000000e+00
0.000000000000000000e+00
0.000000000000000000e+00
0.000000000000000000e+00
0.000000000000000000e+00
0.000000000000000000e+00
0.000000000000000000e+00
0.000000000000000000e+00
0.000000000000000000e+00
0.000000000000000000e+00
-1.748999999999999860e-02
-1.748999999999999860e-02
-1.748999999999999860e-02
-1.748999999999999860e-02
-1.748999999999999860e-02
-1.748999999999999860e-02
-1.748999999999999860e-02
-1.748999999999999860e-02
-1.748999999999999860e-02
-1.748999999999999860e-02
-1.748999999999999860e-02
-1.748999999999999860e-02
-1.748999999999999860e-02
-1.748999999999999860e-02
-3.741599999999999926e-01
-3.741599999999999926e-01
-3.741599999999999926e-01
-3.741599999999999926e-01
-3.741599999999999926e-01
-3.741599999999999926e-01
-3.741599999999999926e-01
-3.741599999999999926e-01
-3.741599999999999926e-01
-3.741599999999999926e-01
-3.741599999999999926e-01
-3.741599999999999926e-01
-3.741599999999999926e-01
-3.741599999999999926e-01
-6.199999999999999999e-04
-6.199999999999999999e-04
-6.199999999999999999e-04
-6.199999999999999999e-04
-6.199999999999999999e-04
-6.199999999999999999e-04
-6.199999999999999999e-04
-6.199999999999999999e-04
-6.199999999999999999e-04
-6.199999999999999999e-04
-6.199999999999999999e-04
-6.199999999999999999e-04
-6.199999999999999999e-04
-6.199999999999999999e-04
-6.199999999999999999e-04
-6.199999999999999999e-04
-6.199999999999999999e-04
-6.199999999999999999e-04
-6.199999999999999999e-04
-6.199999999999999999e-04
0.000000000000000000e+00
0.000000000000000000e+00
0.000000000000000000e+00
0.000000000000000000e+00
0.000000000000000000e+00
0.000000000000000000e+00
0.000000000000000000e+00
0.000000000000000000e+00
0.000000000000000000e+00
0.000000000000000000e+00
0.000000000000000000e+00
0.000000000000000000e+00
0.000000000000000000e+00
0.000000000000000000e+00
0.000000000000000000e+00
0.000000000000000000e+00
0.000000000000000000e+00
0.000000000000000000e+00
0.000000000000000000e+00
0.000000000000000000e+00
0.000000000000000000e+00
0.000000000000000000e+00
1.496599999999999875e-01
1.496599999999999875e-01
1.496599999999999875e-01
1.496599999999999875e-01
1.496599999999999875e-01
1.496599999999999875e-01
1.496599999999999875e-01
1.496599999999999875e-01
1.496599999999999875e-01
1.496599999999999875e-01
1.496599999999999875e-01
1.103100000000000053e-01
1.103100000000000053e-01
1.103100000000000053e-01
1.103100000000000053e-01
1.103100000000000053e-01
1.103100000000000053e-01
1.103100000000000053e-01
1.103100000000000053e-01
1.103100000000000053e-01
1.103100000000000053e-01
0.000000000000000000e+00
0.000000000000000000e+00
0.000000000000000000e+00
0.000000000000000000e+00
0.000000000000000000e+00
0.000000000000000000e+00
0.000000000000000000e+00
0.000000000000000000e+00
0.000000000000000000e+00
0.000000000000000000e+00
0.000000000000000000e+00
0.000000000000000000e+00
0.000000000000000000e+00
0.000000000000000000e+00
0.000000000000000000e+00
0.000000000000000000e+00
0.000000000000000000e+00
0.000000000000000000e+00
0.000000000000000000e+00
0.000000000000000000e+00
0.000000000000000000e+00
0.000000000000000000e+00
0.000000000000000000e+00
0.000000000000000000e+00
0.000000000000000000e+00
0.000000000000000000e+00
0.000000000000000000e+00
7.100000000000000191e-04
7.100000000000000191e-04
7.100000000000000191e-04
7.100000000000000191e-04
7.100000000000000191e-04
7.100000000000000191e-04
7.100000000000000191e-04
7.100000000000000191e-04
7.100000000000000191e-04
7.100000000000000191e-04
1.030000000000000100e-03
1.030000000000000100e-03
1.030000000000000100e-03
1.030000000000000100e-03
1.030000000000000100e-03
1.030000000000000100e-03
1.030000000000000100e-03
1.030000000000000100e-03
1.030000000000000100e-03
1.030000000000000100e-03
1.030000000000000100e-03
1.030000000000000100e-03
1.030000000000000100e-03
1.030000000000000100e-03
1.030000000000000100e-03
1.030000000000000100e-03
1.030000000000000100e-03
-4.055999999999999883e-02
-4.055999999999999883e-02
-4.055999999999999883e-02
-4.055999999999999883e-02
-4.055999999999999883e-02
-4.055999999999999883e-02
-4.055999999999999883e-02
-4.055999999999999883e-02
-4.055999999999999883e-02
-4.055999999999999883e-02
-4.055999999999999883e-02
-4.055999999999999883e-02
-4.055999999999999883e-02
-4.055999999999999883e-02
-4.055999999999999883e-02
-4.055999999999999883e-02
-4.055999999999999883e-02
-4.055999999999999883e-02
-4.055999999999999883e-02
-4.055999999999999883e-02
-4.055999999999999883e-02
-4.055999999999999883e-02
-4.055999999999999883e-02
-4.055999999999999883e-02
-2.109000000000000111e-02
-2.109000000000000111e-02
-2.109000000000000111e-02
-2.109000000000000111e-02
-2.109000000000000111e-02
-2.109000000000000111e-02
-2.109000000000000111e-02
-2.109000000000000111e-02
-2.109000000000000111e-02
-2.109000000000000111e-02
-2.109000000000000111e-02
-2.109000000000000111e-02
-2.109000000000000111e-02
-2.109000000000000111e-02
2.300000000000000070e-04
2.300000000000000070e-04
2.300000000000000070e-04
2.300000000000000070e-04
2.300000000000000070e-04
2.300000000000000070e-04
2.300000000000000070e-04
2.300000000000000070e-04
2.300000000000000070e-04
2.300000000000000070e-04
1.890000000000000013e-02
1.890000000000000013e-02
1.890000000000000013e-02
1.890000000000000013e-02
1.890000000000000013e-02
1.890000000000000013e-02
1.890000000000000013e-02
0.000000000000000000e+00
0.000000000000000000e+00
0.000000000000000000e+00
0.000000000000000000e+00
0.000000000000000000e+00
0.000000000000000000e+00
0.000000000000000000e+00
0.000000000000000000e+00
0.000000000000000000e+00
0.000000000000000000e+00
0.000000000000000000e+00
0.000000000000000000e+00
0.000000000000000000e+00
0.000000000000000000e+00
0.000000000000000000e+00
0.000000000000000000e+00
0.000000000000000000e+00
0.000000000000000000e+00
0.000000000000000000e+00
0.000000000000000000e+00
0.000000000000000000e+00
0.000000000000000000e+00
0.000000000000000000e+00
0.000000000000000000e+00
0.000000000000000000e+00
0.000000000000000000e+00
0.000000000000000000e+00
0.000000000000000000e+00
0.000000000000000000e+00
0.000000000000000000e+00
0.000000000000000000e+00
0.000000000000000000e+00
0.000000000000000000e+00
0.000000000000000000e+00
0.000000000000000000e+00
0.000000000000000000e+00
0.000000000000000000e+00
0.000000000000000000e+00
0.000000000000000000e+00
0.000000000000000000e+00
0.000000000000000000e+00
0.000000000000000000e+00
0.000000000000000000e+00
0.000000000000000000e+00
0.000000000000000000e+00
0.000000000000000000e+00
0.000000000000000000e+00
0.000000000000000000e+00
0.000000000000000000e+00
0.000000000000000000e+00
0.000000000000000000e+00
0.000000000000000000e+00
0.000000000000000000e+00
0.000000000000000000e+00
0.000000000000000000e+00
0.000000000000000000e+00
0.000000000000000000e+00
0.000000000000000000e+00
0.000000000000000000e+00
0.000000000000000000e+00
0.000000000000000000e+00
0.000000000000000000e+00
0.000000000000000000e+00
0.000000000000000000e+00
0.000000000000000000e+00
0.000000000000000000e+00
0.000000000000000000e+00
0.000000000000000000e+00
0.000000000000000000e+00
0.000000000000000000e+00
0.000000000000000000e+00
0.000000000000000000e+00
0.000000000000000000e+00
0.000000000000000000e+00
0.000000000000000000e+00
0.000000000000000000e+00
0.000000000000000000e+00
0.000000000000000000e+00
0.000000000000000000e+00
0.000000000000000000e+00
0.000000000000000000e+00
0.000000000000000000e+00
0.000000000000000000e+00
0.000000000000000000e+00
0.000000000000000000e+00
0.000000000000000000e+00
0.000000000000000000e+00
0.000000000000000000e+00
0.000000000000000000e+00
0.000000000000000000e+00
0.000000000000000000e+00
0.000000000000000000e+00
0.000000000000000000e+00
0.000000000000000000e+00
0.000000000000000000e+00
0.000000000000000000e+00
0.000000000000000000e+00
0.000000000000000000e+00
0.000000000000000000e+00
0.000000000000000000e+00
0.000000000000000000e+00
0.000000000000000000e+00
0.000000000000000000e+00
0.000000000000000000e+00
0.000000000000000000e+00
0.000000000000000000e+00
0.000000000000000000e+00
0.000000000000000000e+00
0.000000000000000000e+00
0.000000000000000000e+00
0.000000000000000000e+00
0.000000000000000000e+00
0.000000000000000000e+00
0.000000000000000000e+00
0.000000000000000000e+00
0.000000000000000000e+00
0.000000000000000000e+00
0.000000000000000000e+00
0.000000000000000000e+00
0.000000000000000000e+00
0.000000000000000000e+00
0.000000000000000000e+00
0.000000000000000000e+00
0.000000000000000000e+00
0.000000000000000000e+00
0.000000000000000000e+00
0.000000000000000000e+00
0.000000000000000000e+00
0.000000000000000000e+00
0.000000000000000000e+00
0.000000000000000000e+00
0.000000000000000000e+00
0.000000000000000000e+00
0.000000000000000000e+00
0.000000000000000000e+00
0.000000000000000000e+00
0.000000000000000000e+00
0.000000000000000000e+00
0.000000000000000000e+00
0.000000000000000000e+00
0.000000000000000000e+00
0.000000000000000000e+00
0.000000000000000000e+00
0.000000000000000000e+00
0.000000000000000000e+00
0.000000000000000000e+00
0.000000000000000000e+00
0.000000000000000000e+00
0.000000000000000000e+00
0.000000000000000000e+00
0.000000000000000000e+00
0.000000000000000000e+00
0.000000000000000000e+00
0.000000000000000000e+00
0.000000000000000000e+00
0.000000000000000000e+00
0.000000000000000000e+00
0.000000000000000000e+00
0.000000000000000000e+00
0.000000000000000000e+00
0.000000000000000000e+00
0.000000000000000000e+00
0.000000000000000000e+00
0.000000000000000000e+00
0.000000000000000000e+00
0.000000000000000000e+00
0.000000000000000000e+00
0.000000000000000000e+00
0.000000000000000000e+00
0.000000000000000000e+00
0.000000000000000000e+00
0.000000000000000000e+00
0.000000000000000000e+00
0.000000000000000000e+00
0.000000000000000000e+00
0.000000000000000000e+00
0.000000000000000000e+00
0.000000000000000000e+00
0.000000000000000000e+00
0.000000000000000000e+00
0.000000000000000000e+00
0.000000000000000000e+00
0.000000000000000000e+00
0.000000000000000000e+00
0.000000000000000000e+00
0.000000000000000000e+00
0.000000000000000000e+00
0.000000000000000000e+00
0.000000000000000000e+00
0.000000000000000000e+00
0.000000000000000000e+00
0.000000000000000000e+00
0.000000000000000000e+00
0.000000000000000000e+00
0.000000000000000000e+00
0.000000000000000000e+00
0.000000000000000000e+00
0.000000000000000000e+00
0.000000000000000000e+00
0.000000000000000000e+00
0.000000000000000000e+00
0.000000000000000000e+00
0.000000000000000000e+00
0.000000000000000000e+00
0.000000000000000000e+00
0.000000000000000000e+00
0.000000000000000000e+00
0.000000000000000000e+00
0.000000000000000000e+00
0.000000000000000000e+00
0.000000000000000000e+00
0.000000000000000000e+00
0.000000000000000000e+00
