# Times: 0.167 1.0 10.0 120.0
 0.11781  0.52792  0.99945  1.00000
 0.01398  0.08086  0.56966  0.99996
 0.22150  0.77671  1.00000  1.00000
 0.20503  0.74691  1.00000  1.00000
 0.97018  1.00000  1.00000  1.00000
 0.78402  0.99990  1.00000  1.00000
 0.98973  1.00000  1.00000  1.00000
 0.43617  0.96765  1.00000  1.00000
 0.00733  0.04310  0.35631  0.99494
 0.19095  0.71883  1.00000  1.00000
 0.00029  0.00174  0.01724  0.18836
 0.00002  0.00009  0.00095  0.01129
 0.00000  0.00000  0.00005  0.00059
 0.00009  0.00057  0.00566  0.06587
 0.00231  0.01375  0.12931  0.81018
 0.74048  0.99969  1.00000  1.00000
 0.99137  1.00000  1.00000  1.00000
 0.02460  0.13855  0.77495  1.00000
 0.00196  0.01167  0.11074  0.75547
 0.06227  0.31952  0.97871  1.00000
 0.00142  0.00845  0.08136  0.63878
 0.07413  0.36949  0.99007  1.00000
 0.00083  0.00493  0.04827  0.44769
 0.13212  0.57196  0.99979  1.00000
 0.00011  0.00065  0.00644  0.07463
 0.00005  0.00029  0.00292  0.03443
 0.01108  0.06457  0.48699  0.99967
 0.14659  0.61296  0.99992  1.00000
 0.27473  0.85389  1.00000  1.00000
 1.00000  1.00000  1.00000  1.00000
 0.97531  1.00000  1.00000  1.00000
 0.61925  0.99692  1.00000  1.00000
 0.00193  0.01153  0.10947  0.75125
 0.12283  0.54375  0.99961  1.00000
 0.30185  0.88371  1.00000  1.00000
 0.00143  0.00852  0.08198  0.64170
 0.00414  0.02455  0.22007  0.94934
 0.18318  0.70227  0.99999  1.00000
 0.15265  0.62910  0.99995  1.00000
 0.00795  0.04666  0.37985  0.99676
 0.02007  0.11434  0.70307  1.00000
