# Times: 0.167 1.0 10.0 120.0
 0.12255  0.54289  0.99960  1.00000
 0.01472  0.08495  0.58844  0.99998
 0.21138  0.75876  1.00000  1.00000
 0.20603  0.74879  1.00000  1.00000
 0.97057  1.00000  1.00000  1.00000
 0.78610  0.99990  1.00000  1.00000
 0.98940  1.00000  1.00000  1.00000
 0.46006  0.97504  1.00000  1.00000
 0.00731  0.04300  0.35565  0.99488
 0.19084  0.71860  1.00000  1.00000
 0.00029  0.00173  0.01721  0.18807
 0.00002  0.00010  0.00096  0.01142
 0.00000  0.00000  0.00005  0.00059
 0.00010  0.00057  0.00568  0.06612
 0.00225  0.01342  0.12638  0.80236
 0.73911  0.99968  1.00000  1.00000
 0.99112  1.00000  1.00000  1.00000
 0.02500  0.14067  0.78041  1.00000
 0.00196  0.01170  0.11098  0.75627
 0.06485  0.33069  0.98196  1.00000
 0.00137  0.00820  0.07900  0.62751
 0.07773  0.38402  0.99214  1.00000
 0.00082  0.00491  0.04805  0.44621
 0.13423  0.57814  0.99982  1.00000
 0.00011  0.00065  0.00653  0.07561
 0.00005  0.00029  0.00294  0.03470
 0.01130  0.06580  0.49372  0.99972
 0.15483  0.63481  0.99996  1.00000
 0.27220  0.85082  1.00000  1.00000
 1.00000  1.00000  1.00000  1.00000
 0.97426  1.00000  1.00000  1.00000
 0.58267  0.99466  1.00000  1.00000
 0.00186  0.01111  0.10567  0.73819
 0.13618  0.58380  0.99984  1.00000
 0.31149  0.89300  1.00000  1.00000
 0.00149  0.00891  0.08559  0.65828
 0.00422  0.02502  0.22381  0.95218
 0.17763  0.68996  0.99999  1.00000
 0.14989  0.62182  0.99994  1.00000
 0.00804  0.04720  0.38337  0.99698
 0.02215  0.12550  0.73843  1.00000
