# Times: 0.167 1.0 10.0 120.0
 0.12695  0.55645  0.99971  1.00000
 0.01547  0.08915  0.60695  0.99999
 0.20120  0.73951  1.00000  1.00000
 0.20677  0.75020  1.00000  1.00000
 0.97096  1.00000  1.00000  1.00000
 0.78813  0.99991  1.00000  1.00000
 0.98902  1.00000  1.00000  1.00000
 0.48402  0.98098  1.00000  1.00000
 0.00729  0.04284  0.35459  0.99478
 0.19070  0.71833  1.00000  1.00000
 0.00029  0.00173  0.01717  0.18766
 0.00002  0.00010  0.00097  0.01157
 0.00000  0.00000  0.00005  0.00058
 0.00010  0.00057  0.00571  0.06638
 0.00220  0.01311  0.12359  0.79465
 0.73800  0.99967  1.00000  1.00000
 0.99085  1.00000  1.00000  1.00000
 0.02542  0.14288  0.78599  1.00000
 0.00197  0.01173  0.11127  0.75719
 0.06779  0.34320  0.98506  1.00000
 0.00134  0.00797  0.07688  0.61710
 0.08153  0.39907  0.99386  1.00000
 0.00082  0.00489  0.04786  0.44482
 0.13645  0.58459  0.99985  1.00000
 0.00011  0.00066  0.00662  0.07662
 0.00005  0.00030  0.00296  0.03496
 0.01150  0.06692  0.49977  0.99975
 0.16327  0.65611  0.99998  1.00000
 0.26964  0.84765  1.00000  1.00000
 1.00000  1.00000  1.00000  1.00000
 0.97303  1.00000  1.00000  1.00000
 0.54671  0.99124  1.00000  1.00000
 0.00179  0.01070  0.10199  0.72497
 0.15078  0.62419  0.99994  1.00000
 0.32176  0.90220  1.00000  1.00000
 0.00156  0.00931  0.08933  0.67466
 0.00431  0.02555  0.22800  0.95519
 0.17227  0.67766  0.99999  1.00000
 0.14727  0.61478  0.99993  1.00000
 0.00812  0.04764  0.38623  0.99714
 0.02422  0.13655  0.76966  1.00000
