# Times: 0.167 1.0 10.0 120.0
 0.11784  0.52800  0.99945  1.00000
 0.01399  0.08088  0.56976  0.99996
 0.22144  0.77662  1.00000  1.00000
 0.20504  0.74692  1.00000  1.00000
 0.97018  1.00000  1.00000  1.00000
 0.78403  0.99990  1.00000  1.00000
 0.98973  1.00000  1.00000  1.00000
 0.43629  0.96769  1.00000  1.00000
 0.00733  0.04310  0.35631  0.99494
 0.19095  0.71883  1.00000  1.00000
 0.00029  0.00174  0.01724  0.18836
 0.00002  0.00009  0.00095  0.01129
 0.00000  0.00000  0.00005  0.00059
 0.00009  0.00057  0.00566  0.06587
 0.00231  0.01375  0.12930  0.81014
 0.74048  0.99969  1.00000  1.00000
 0.99137  1.00000  1.00000  1.00000
 0.02460  0.13857  0.77498  1.00000
 0.00196  0.01167  0.11074  0.75547
 0.06228  0.31958  0.97873  1.00000
 0.00142  0.00845  0.08134  0.63872
 0.07415  0.36956  0.99008  1.00000
 0.00083  0.00493  0.04826  0.44768
 0.13213  0.57199  0.99979  1.00000
 0.00011  0.00065  0.00644  0.07463
 0.00005  0.00029  0.00292  0.03443
 0.01109  0.06457  0.48702  0.99967
 0.14664  0.61307  0.99992  1.00000
 0.27472  0.85388  1.00000  1.00000
 1.00000  1.00000  1.00000  1.00000
 0.97530  1.00000  1.00000  1.00000
 0.61906  0.99691  1.00000  1.00000
 0.00193  0.01153  0.10945  0.75118
 0.12289  0.54396  0.99961  1.00000
 0.30190  0.88376  1.00000  1.00000
 0.00143  0.00852  0.08199  0.64178
 0.00414  0.02455  0.22009  0.94935
 0.18315  0.70221  0.99999  1.00000
 0.15263  0.62906  0.99995  1.00000
 0.00795  0.04666  0.37987  0.99677
 0.02009  0.11440  0.70327  1.00000
