# Times: 0.167 1.0 10.0 120.0
 0.14776  0.61612  0.99993  1.00000
 0.02053  0.11681  0.71123  1.00000
 0.14498  0.60855  0.99992  1.00000
 0.21202  0.75993  1.00000  1.00000
 0.97426  1.00000  1.00000  1.00000
 0.79830  0.99993  1.00000  1.00000
 0.98597  1.00000  1.00000  1.00000
 0.61789  0.99685  1.00000  1.00000
 0.00675  0.03972  0.33322  0.99228
 0.18991  0.71667  1.00000  1.00000
 0.00028  0.00168  0.01669  0.18291
 0.00002  0.00011  0.00108  0.01283
 0.00000  0.00000  0.00005  0.00054
 0.00010  0.00059  0.00590  0.06853
 0.00192  0.01141  0.10844  0.74776
 0.72636  0.99957  1.00000  1.00000
 0.98927  1.00000  1.00000  1.00000
 0.02917  0.16246  0.83015  1.00000
 0.00205  0.01223  0.11575  0.77149
 0.10063  0.47012  0.99825  1.00000
 0.00113  0.00674  0.06540  0.55587
 0.11208  0.50925  0.99919  1.00000
 0.00080  0.00475  0.04651  0.43535
 0.15446  0.63384  0.99996  1.00000
 0.00012  0.00074  0.00742  0.08550
 0.00005  0.00032  0.00317  0.03739
 0.01222  0.07100  0.52118  0.99985
 0.22544  0.78340  1.00000  1.00000
 0.25613  0.82997  1.00000  1.00000
 1.00000  1.00000  1.00000  1.00000
 0.95785  1.00000  1.00000  1.00000
 0.24646  0.81629  1.00000  1.00000
 0.00132  0.00785  0.07583  0.61181
 0.27202  0.85059  1.00000  1.00000
 0.41182  0.95833  1.00000  1.00000
 0.00213  0.01267  0.11969  0.78343
 0.00517  0.03059  0.26703  0.97596
 0.14283  0.60261  0.99990  1.00000
 0.13166  0.57058  0.99979  1.00000
 0.00817  0.04796  0.38830  0.99726
 0.03890  0.21147  0.90707  1.00000
