# Times: 0.167 1.0 10.0 120.0
 0.13266  0.57354  0.99980  1.00000
 0.01658  0.09527  0.63257  0.99999
 0.18705  0.71062  1.00000  1.00000
 0.20761  0.75177  1.00000  1.00000
 0.97152  1.00000  1.00000  1.00000
 0.79095  0.99991  1.00000  1.00000
 0.98842  1.00000  1.00000  1.00000
 0.51752  0.98727  1.00000  1.00000
 0.00723  0.04250  0.35226  0.99454
 0.19049  0.71789  1.00000  1.00000
 0.00029  0.00172  0.01709  0.18689
 0.00002  0.00010  0.00099  0.01180
 0.00000  0.00000  0.00005  0.00057
 0.00010  0.00058  0.00574  0.06678
 0.00213  0.01268  0.11983  0.78382
 0.73647  0.99966  1.00000  1.00000
 0.99046  1.00000  1.00000  1.00000
 0.02606  0.14625  0.79427  1.00000
 0.00198  0.01179  0.11179  0.75891
 0.07274  0.36377  0.98913  1.00000
 0.00129  0.00768  0.07416  0.60332
 0.08731  0.42134  0.99579  1.00000
 0.00081  0.00486  0.04759  0.44297
 0.13987  0.59433  0.99988  1.00000
 0.00011  0.00068  0.00676  0.07814
 0.00005  0.00030  0.00299  0.03534
 0.01175  0.06830  0.50711  0.99979
 0.17564  0.68543  0.99999  1.00000
 0.26600  0.84304  1.00000  1.00000
 1.00000  1.00000  1.00000  1.00000
 0.97093  1.00000  1.00000  1.00000
 0.49405  0.98309  1.00000  1.00000
 0.00170  0.01013  0.09678  0.70518
 0.17348  0.68047  0.99999  1.00000
 0.33767  0.91517  1.00000  1.00000
 0.00166  0.00992  0.09490  0.69777
 0.00446  0.02641  0.23485  0.95973
 0.16496  0.66022  0.99998  1.00000
 0.14370  0.60503  0.99991  1.00000
 0.00820  0.04811  0.38922  0.99730
 0.02721  0.15227  0.80833  1.00000
