# Times: 0.167 1.0 10.0 120.0
 0.13435  0.57849  0.99982  1.00000
 0.01694  0.09724  0.64049  1.00000
 0.18270  0.70124  0.99999  1.00000
 0.20787  0.75227  1.00000  1.00000
 0.97170  1.00000  1.00000  1.00000
 0.79183  0.99992  1.00000  1.00000
 0.98821  1.00000  1.00000  1.00000
 0.52789  0.98883  1.00000  1.00000
 0.00720  0.04235  0.35128  0.99445
 0.19042  0.71774  1.00000  1.00000
 0.00029  0.00172  0.01706  0.18660
 0.00002  0.00010  0.00099  0.01187
 0.00000  0.00000  0.00005  0.00057
 0.00010  0.00058  0.00575  0.06690
 0.00211  0.01255  0.11868  0.78040
 0.73590  0.99966  1.00000  1.00000
 0.99033  1.00000  1.00000  1.00000
 0.02628  0.14740  0.79701  1.00000
 0.00198  0.01181  0.11200  0.75960
 0.07453  0.37109  0.99032  1.00000
 0.00127  0.00759  0.07334  0.59912
 0.08924  0.42863  0.99629  1.00000
 0.00081  0.00486  0.04751  0.44240
 0.14102  0.59757  0.99989  1.00000
 0.00011  0.00068  0.00680  0.07865
 0.00005  0.00030  0.00301  0.03547
 0.01181  0.06868  0.50913  0.99980
 0.17967  0.69453  0.99999  1.00000
 0.26487  0.84159  1.00000  1.00000
 1.00000  1.00000  1.00000  1.00000
 0.97017  1.00000  1.00000  1.00000
 0.47616  0.97918  1.00000  1.00000
 0.00167  0.00994  0.09507  0.69845
 0.18114  0.69780  0.99999  1.00000
 0.34311  0.91925  1.00000  1.00000
 0.00170  0.01013  0.09676  0.70514
 0.00451  0.02672  0.23725  0.96122
 0.16271  0.65472  0.99998  1.00000
 0.14260  0.60198  0.99990  1.00000
 0.00822  0.04821  0.38990  0.99734
 0.02818  0.15732  0.81943  1.00000
