# Times: 0.167 1.0 10.0 120.0
 0.11771  0.52759  0.99945  1.00000
 0.01397  0.08078  0.56927  0.99996
 0.22171  0.77708  1.00000  1.00000
 0.20501  0.74686  1.00000  1.00000
 0.97017  1.00000  1.00000  1.00000
 0.78397  0.99990  1.00000  1.00000
 0.98974  1.00000  1.00000  1.00000
 0.43567  0.96748  1.00000  1.00000
 0.00733  0.04310  0.35633  0.99494
 0.19095  0.71884  1.00000  1.00000
 0.00029  0.00174  0.01724  0.18837
 0.00002  0.00009  0.00095  0.01128
 0.00000  0.00000  0.00005  0.00059
 0.00009  0.00057  0.00566  0.06586
 0.00231  0.01376  0.12938  0.81035
 0.74052  0.99969  1.00000  1.00000
 0.99138  1.00000  1.00000  1.00000
 0.02459  0.13851  0.77484  1.00000
 0.00196  0.01167  0.11074  0.75545
 0.06221  0.31930  0.97864  1.00000
 0.00142  0.00846  0.08141  0.63903
 0.07406  0.36919  0.99002  1.00000
 0.00083  0.00494  0.04827  0.44772
 0.13208  0.57183  0.99979  1.00000
 0.00011  0.00065  0.00644  0.07461
 0.00005  0.00029  0.00292  0.03443
 0.01108  0.06454  0.48684  0.99967
 0.14642  0.61249  0.99992  1.00000
 0.27478  0.85396  1.00000  1.00000
 1.00000  1.00000  1.00000  1.00000
 0.97533  1.00000  1.00000  1.00000
 0.62004  0.99696  1.00000  1.00000
 0.00194  0.01154  0.10956  0.75153
 0.12256  0.54292  0.99960  1.00000
 0.30166  0.88351  1.00000  1.00000
 0.00143  0.00851  0.08190  0.64134
 0.00414  0.02454  0.21999  0.94928
 0.18330  0.70253  0.99999  1.00000
 0.15270  0.62926  0.99995  1.00000
 0.00795  0.04664  0.37976  0.99676
 0.02003  0.11411  0.70228  1.00000
