0.000000000000000000e+00
0.000000000000000000e+00
0.000000000000000000e+00
0.000000000000000000e+00
0.000000000000000000e+00
0.000000000000000000e+00
0.000000000000000000e+00
0.000000000000000000e+00
0.000000000000000000e+00
0.000000000000000000e+00
0.000000000000000000e+00
0.000000000000000000e+00
0.000000000000000000e+00
0.000000000000000000e+00
0.000000000000000000e+00
0.000000000000000000e+00
0.000000000000000000e+00
0.000000000000000000e+00
0.000000000000000000e+00
0.000000000000000000e+00
0.000000000000000000e+00
0.000000000000000000e+00
0.000000000000000000e+00
0.000000000000000000e+00
0.000000000000000000e+00
0.000000000000000000e+00
0.000000000000000000e+00
0.000000000000000000e+00
0.000000000000000000e+00
0.000000000000000000e+00
0.000000000000000000e+00
0.000000000000000000e+00
0.000000000000000000e+00
0.000000000000000000e+00
0.000000000000000000e+00
0.000000000000000000e+00
0.000000000000000000e+00
0.000000000000000000e+00
0.000000000000000000e+00
0.000000000000000000e+00
0.000000000000000000e+00
0.000000000000000000e+00
0.000000000000000000e+00
0.000000000000000000e+00
0.000000000000000000e+00
0.000000000000000000e+00
0.000000000000000000e+00
0.000000000000000000e+00
0.000000000000000000e+00
0.000000000000000000e+00
0.000000000000000000e+00
0.000000000000000000e+00
0.000000000000000000e+00
0.000000000000000000e+00
0.000000000000000000e+00
0.000000000000000000e+00
0.000000000000000000e+00
0.000000000000000000e+00
0.000000000000000000e+00
0.000000000000000000e+00
0.000000000000000000e+00
0.000000000000000000e+00
0.000000000000000000e+00
0.000000000000000000e+00
0.000000000000000000e+00
0.000000000000000000e+00
0.000000000000000000e+00
0.000000000000000000e+00
0.000000000000000000e+00
0.000000000000000000e+00
0.000000000000000000e+00
0.000000000000000000e+00
8.877999999999999781e-02
8.877999999999999781e-02
8.877999999999999781e-02
8.877999999999999781e-02
8.877999999999999781e-02
8.877999999999999781e-02
8.877999999999999781e-02
8.877999999999999781e-02
8.877999999999999781e-02
8.877999999999999781e-02
3.610000000000000014e-02
3.610000000000000014e-02
3.610000000000000014e-02
3.610000000000000014e-02
3.610000000000000014e-02
3.610000000000000014e-02
3.610000000000000014e-02
3.610000000000000014e-02
3.610000000000000014e-02
3.610000000000000014e-02
3.610000000000000014e-02
3.610000000000000014e-02
3.610000000000000014e-02
3.610000000000000014e-02
3.610000000000000014e-02
3.610000000000000014e-02
3.610000000000000014e-02
3.610000000000000014e-02
3.610000000000000014e-02
-1.688000000000000056e-01
-1.688000000000000056e-01
-1.688000000000000056e-01
-1.688000000000000056e-01
-1.688000000000000056e-01
-1.688000000000000056e-01
-1.688000000000000056e-01
-1.688000000000000056e-01
-1.688000000000000056e-01
-1.688000000000000056e-01
-1.688000000000000056e-01
-1.688000000000000056e-01
-1.688000000000000056e-01
-1.688000000000000056e-01
-1.688000000000000056e-01
0.000000000000000000e+00
0.000000000000000000e+00
0.000000000000000000e+00
0.000000000000000000e+00
0.000000000000000000e+00
0.000000000000000000e+00
0.000000000000000000e+00
0.000000000000000000e+00
0.000000000000000000e+00
0.000000000000000000e+00
0.000000000000000000e+00
0.000000000000000000e+00
0.000000000000000000e+00
0.000000000000000000e+00
0.000000000000000000e+00
0.000000000000000000e+00
0.000000000000000000e+00
0.000000000000000000e+00
0.000000000000000000e+00
0.000000000000000000e+00
0.000000000000000000e+00
0.000000000000000000e+00
0.000000000000000000e+00
0.000000000000000000e+00
0.000000000000000000e+00
0.000000000000000000e+00
0.000000000000000000e+00
0.000000000000000000e+00
1.311000000000000013e-02
1.311000000000000013e-02
1.311000000000000013e-02
1.311000000000000013e-02
1.311000000000000013e-02
1.311000000000000013e-02
1.311000000000000013e-02
1.311000000000000013e-02
1.311000000000000013e-02
1.311000000000000013e-02
1.311000000000000013e-02
1.311000000000000013e-02
1.311000000000000013e-02
1.311000000000000013e-02
1.311000000000000013e-02
1.311000000000000013e-02
1.311000000000000013e-02
1.311000000000000013e-02
1.311000000000000013e-02
1.311000000000000013e-02
1.311000000000000013e-02
0.000000000000000000e+00
0.000000000000000000e+00
0.000000000000000000e+00
0.000000000000000000e+00
0.000000000000000000e+00
0.000000000000000000e+00
0.000000000000000000e+00
0.000000000000000000e+00
0.000000000000000000e+00
0.000000000000000000e+00
0.000000000000000000e+00
0.000000000000000000e+00
0.000000000000000000e+00
0.000000000000000000e+00
0.000000000000000000e+00
0.000000000000000000e+00
0.000000000000000000e+00
0.000000000000000000e+00
0.000000000000000000e+00
0.000000000000000000e+00
0.000000000000000000e+00
0.000000000000000000e+00
0.000000000000000000e+00
0.000000000000000000e+00
0.000000000000000000e+00
0.000000000000000000e+00
0.000000000000000000e+00
0.000000000000000000e+00
0.000000000000000000e+00
0.000000000000000000e+00
0.000000000000000000e+00
0.000000000000000000e+00
0.000000000000000000e+00
0.000000000000000000e+00
0.000000000000000000e+00
3.000000000000000076e-05
3.000000000000000076e-05
3.000000000000000076e-05
3.000000000000000076e-05
3.000000000000000076e-05
3.000000000000000076e-05
3.000000000000000076e-05
3.000000000000000076e-05
3.000000000000000076e-05
3.000000000000000076e-05
0.000000000000000000e+00
0.000000000000000000e+00
0.000000000000000000e+00
0.000000000000000000e+00
0.000000000000000000e+00
0.000000000000000000e+00
0.000000000000000000e+00
0.000000000000000000e+00
0.000000000000000000e+00
0.000000000000000000e+00
0.000000000000000000e+00
0.000000000000000000e+00
0.000000000000000000e+00
0.000000000000000000e+00
0.000000000000000000e+00
0.000000000000000000e+00
0.000000000000000000e+00
0.000000000000000000e+00
0.000000000000000000e+00
0.000000000000000000e+00
0.000000000000000000e+00
0.000000000000000000e+00
0.000000000000000000e+00
0.000000000000000000e+00
0.000000000000000000e+00
0.000000000000000000e+00
0.000000000000000000e+00
0.000000000000000000e+00
0.000000000000000000e+00
0.000000000000000000e+00
0.000000000000000000e+00
0.000000000000000000e+00
2.949999999999999845e-02
2.949999999999999845e-02
2.949999999999999845e-02
2.949999999999999845e-02
2.949999999999999845e-02
2.949999999999999845e-02
2.949999999999999845e-02
2.949999999999999845e-02
2.949999999999999845e-02
2.949999999999999845e-02
2.949999999999999845e-02
2.949999999999999845e-02
2.949999999999999845e-02
2.949999999999999845e-02
2.949999999999999845e-02
2.949999999999999845e-02
2.949999999999999845e-02
2.949999999999999845e-02
2.949999999999999845e-02
2.949999999999999845e-02
2.949999999999999845e-02
2.949999999999999845e-02
2.949999999999999845e-02
2.949999999999999845e-02
-3.380000000000000192e-03
-3.380000000000000192e-03
-3.380000000000000192e-03
-3.380000000000000192e-03
-3.380000000000000192e-03
-3.380000000000000192e-03
-3.380000000000000192e-03
-3.380000000000000192e-03
-3.380000000000000192e-03
-3.380000000000000192e-03
-3.380000000000000192e-03
-3.380000000000000192e-03
-3.380000000000000192e-03
-3.380000000000000192e-03
-3.380000000000000192e-03
-3.380000000000000192e-03
-3.380000000000000192e-03
-3.380000000000000192e-03
-3.380000000000000192e-03
-2.170000000000000054e-03
-2.170000000000000054e-03
-2.170000000000000054e-03
-2.170000000000000054e-03
-2.170000000000000054e-03
-2.170000000000000054e-03
-2.170000000000000054e-03
-2.170000000000000054e-03
-2.170000000000000054e-03
-2.170000000000000054e-03
-2.170000000000000054e-03
-2.170000000000000054e-03
-2.170000000000000054e-03
-2.170000000000000054e-03
-2.170000000000000054e-03
-2.170000000000000054e-03
-2.170000000000000054e-03
-2.170000000000000054e-03
-2.170000000000000054e-03
-6.000000000000000152e-05
-6.000000000000000152e-05
-6.000000000000000152e-05
-6.000000000000000152e-05
-6.000000000000000152e-05
-6.000000000000000152e-05
-6.000000000000000152e-05
-6.000000000000000152e-05
-6.000000000000000152e-05
-6.000000000000000152e-05
-6.000000000000000152e-05
-6.000000000000000152e-05
-6.000000000000000152e-05
-6.000000000000000152e-05
-6.000000000000000152e-05
-6.000000000000000152e-05
-6.000000000000000152e-05
-6.000000000000000152e-05
-6.000000000000000152e-05
-6.000000000000000152e-05
-6.000000000000000152e-05
-6.000000000000000152e-05
-6.000000000000000152e-05
-6.000000000000000152e-05
2.000000000000000164e-05
2.000000000000000164e-05
2.000000000000000164e-05
2.000000000000000164e-05
2.000000000000000164e-05
2.000000000000000164e-05
2.000000000000000164e-05
2.000000000000000164e-05
2.000000000000000164e-05
2.000000000000000164e-05
2.000000000000000164e-05
2.000000000000000164e-05
2.000000000000000164e-05
2.000000000000000164e-05
2.000000000000000164e-05
2.000000000000000164e-05
2.000000000000000164e-05
2.000000000000000164e-05
2.000000000000000164e-05
2.000000000000000164e-05
2.000000000000000164e-05
0.000000000000000000e+00
0.000000000000000000e+00
0.000000000000000000e+00
0.000000000000000000e+00
0.000000000000000000e+00
0.000000000000000000e+00
0.000000000000000000e+00
0.000000000000000000e+00
0.000000000000000000e+00
0.000000000000000000e+00
0.000000000000000000e+00
0.000000000000000000e+00
0.000000000000000000e+00
0.000000000000000000e+00
0.000000000000000000e+00
0.000000000000000000e+00
0.000000000000000000e+00
0.000000000000000000e+00
0.000000000000000000e+00
0.000000000000000000e+00
2.000000000000000164e-05
2.000000000000000164e-05
2.000000000000000164e-05
2.000000000000000164e-05
2.000000000000000164e-05
2.000000000000000164e-05
2.000000000000000164e-05
2.000000000000000164e-05
2.000000000000000164e-05
2.000000000000000164e-05
2.000000000000000164e-05
2.000000000000000164e-05
2.000000000000000164e-05
2.000000000000000164e-05
2.000000000000000164e-05
2.000000000000000164e-05
2.000000000000000164e-05
2.000000000000000164e-05
2.000000000000000164e-05
2.000000000000000164e-05
2.000000000000000164e-05
-2.350000000000000092e-03
-2.350000000000000092e-03
-2.350000000000000092e-03
-2.350000000000000092e-03
-2.350000000000000092e-03
-2.350000000000000092e-03
-2.350000000000000092e-03
-2.350000000000000092e-03
-2.350000000000000092e-03
-2.350000000000000092e-03
-2.350000000000000092e-03
-2.350000000000000092e-03
-2.350000000000000092e-03
-2.350000000000000092e-03
-1.200000000000000030e-04
-1.200000000000000030e-04
-1.200000000000000030e-04
-1.200000000000000030e-04
-1.200000000000000030e-04
-1.200000000000000030e-04
-1.200000000000000030e-04
-1.200000000000000030e-04
-1.200000000000000030e-04
-1.200000000000000030e-04
0.000000000000000000e+00
0.000000000000000000e+00
0.000000000000000000e+00
0.000000000000000000e+00
0.000000000000000000e+00
0.000000000000000000e+00
0.000000000000000000e+00
0.000000000000000000e+00
0.000000000000000000e+00
0.000000000000000000e+00
0.000000000000000000e+00
0.000000000000000000e+00
0.000000000000000000e+00
0.000000000000000000e+00
0.000000000000000000e+00
0.000000000000000000e+00
0.000000000000000000e+00
0.000000000000000000e+00
0.000000000000000000e+00
0.000000000000000000e+00
0.000000000000000000e+00
0.000000000000000000e+00
0.000000000000000000e+00
0.000000000000000000e+00
0.000000000000000000e+00
0.000000000000000000e+00
0.000000000000000000e+00
0.000000000000000000e+00
0.000000000000000000e+00
0.000000000000000000e+00
0.000000000000000000e+00
0.000000000000000000e+00
2.398000000000000131e-02
2.398000000000000131e-02
2.398000000000000131e-02
2.398000000000000131e-02
2.398000000000000131e-02
2.398000000000000131e-02
2.398000000000000131e-02
5.599999999999999509e-04
5.599999999999999509e-04
5.599999999999999509e-04
5.599999999999999509e-04
5.599999999999999509e-04
5.599999999999999509e-04
5.599999999999999509e-04
5.599999999999999509e-04
5.599999999999999509e-04
5.599999999999999509e-04
5.599999999999999509e-04
5.599999999999999509e-04
5.599999999999999509e-04
5.599999999999999509e-04
5.599999999999999509e-04
5.599999999999999509e-04
5.599999999999999509e-04
5.599999999999999509e-04
5.599999999999999509e-04
1.509900000000000131e-01
1.509900000000000131e-01
1.509900000000000131e-01
1.509900000000000131e-01
1.509900000000000131e-01
1.509900000000000131e-01
1.509900000000000131e-01
1.509900000000000131e-01
1.509900000000000131e-01
1.509900000000000131e-01
-1.719999999999999958e-03
-1.719999999999999958e-03
-1.719999999999999958e-03
-1.719999999999999958e-03
-1.719999999999999958e-03
-1.719999999999999958e-03
-1.719999999999999958e-03
-1.719999999999999958e-03
-1.719999999999999958e-03
-1.719999999999999958e-03
-1.719999999999999958e-03
-1.719999999999999958e-03
-1.719999999999999958e-03
-1.719999999999999958e-03
-1.719999999999999958e-03
-1.719999999999999958e-03
-1.719999999999999958e-03
1.402899999999999980e-01
1.402899999999999980e-01
1.402899999999999980e-01
1.402899999999999980e-01
1.402899999999999980e-01
1.402899999999999980e-01
1.402899999999999980e-01
1.402899999999999980e-01
1.402899999999999980e-01
1.402899999999999980e-01
1.402899999999999980e-01
1.402899999999999980e-01
1.402899999999999980e-01
1.402899999999999980e-01
-1.900000000000000105e-04
-1.900000000000000105e-04
-1.900000000000000105e-04
-1.900000000000000105e-04
-1.900000000000000105e-04
-1.900000000000000105e-04
-1.900000000000000105e-04
-1.900000000000000105e-04
-1.900000000000000105e-04
-1.900000000000000105e-04
-1.900000000000000105e-04
-1.900000000000000105e-04
-1.900000000000000105e-04
-1.900000000000000105e-04
-1.900000000000000105e-04
-1.900000000000000105e-04
-1.900000000000000105e-04
-1.900000000000000105e-04
-1.900000000000000105e-04
-1.900000000000000105e-04
6.210999999999999854e-02
6.210999999999999854e-02
6.210999999999999854e-02
6.210999999999999854e-02
6.210999999999999854e-02
6.210999999999999854e-02
6.210999999999999854e-02
6.210999999999999854e-02
6.210999999999999854e-02
6.210999999999999854e-02
6.210999999999999854e-02
6.210999999999999854e-02
6.210999999999999854e-02
6.210999999999999854e-02
6.210999999999999854e-02
6.210999999999999854e-02
9.000000000000000567e-05
9.000000000000000567e-05
9.000000000000000567e-05
9.000000000000000567e-05
9.000000000000000567e-05
9.000000000000000567e-05
9.000000000000000567e-05
9.000000000000000567e-05
9.000000000000000567e-05
9.000000000000000567e-05
9.000000000000000567e-05
9.000000000000000567e-05
9.000000000000000567e-05
9.000000000000000567e-05
9.000000000000000567e-05
9.000000000000000567e-05
9.000000000000000567e-05
9.000000000000000567e-05
9.000000000000000567e-05
9.000000000000000567e-05
9.000000000000000567e-05
3.000000000000000076e-05
3.000000000000000076e-05
3.000000000000000076e-05
3.000000000000000076e-05
3.000000000000000076e-05
3.000000000000000076e-05
3.000000000000000076e-05
6.479999999999999649e-03
6.479999999999999649e-03
6.479999999999999649e-03
6.479999999999999649e-03
6.479999999999999649e-03
6.479999999999999649e-03
6.479999999999999649e-03
1.712599999999999956e-01
1.712599999999999956e-01
1.712599999999999956e-01
1.712599999999999956e-01
1.712599999999999956e-01
1.712599999999999956e-01
1.712599999999999956e-01
1.712599999999999956e-01
1.712599999999999956e-01
1.712599999999999956e-01
0.000000000000000000e+00
0.000000000000000000e+00
0.000000000000000000e+00
0.000000000000000000e+00
0.000000000000000000e+00
0.000000000000000000e+00
0.000000000000000000e+00
0.000000000000000000e+00
0.000000000000000000e+00
0.000000000000000000e+00
0.000000000000000000e+00
0.000000000000000000e+00
0.000000000000000000e+00
0.000000000000000000e+00
0.000000000000000000e+00
0.000000000000000000e+00
0.000000000000000000e+00
0.000000000000000000e+00
0.000000000000000000e+00
0.000000000000000000e+00
0.000000000000000000e+00
0.000000000000000000e+00
0.000000000000000000e+00
0.000000000000000000e+00
0.000000000000000000e+00
0.000000000000000000e+00
0.000000000000000000e+00
0.000000000000000000e+00
0.000000000000000000e+00
0.000000000000000000e+00
0.000000000000000000e+00
0.000000000000000000e+00
0.000000000000000000e+00
0.000000000000000000e+00
-2.402999999999999928e-02
-2.402999999999999928e-02
-2.402999999999999928e-02
-2.402999999999999928e-02
-2.402999999999999928e-02
-2.402999999999999928e-02
-2.402999999999999928e-02
-2.402999999999999928e-02
-2.402999999999999928e-02
-2.402999999999999928e-02
-2.402999999999999928e-02
-2.402999999999999928e-02
-2.402999999999999928e-02
-2.402999999999999928e-02
-2.402999999999999928e-02
-2.402999999999999928e-02
-2.402999999999999928e-02
-2.402999999999999928e-02
-2.402999999999999928e-02
-2.402999999999999928e-02
-2.402999999999999928e-02
-2.402999999999999928e-02
0.000000000000000000e+00
0.000000000000000000e+00
0.000000000000000000e+00
0.000000000000000000e+00
0.000000000000000000e+00
0.000000000000000000e+00
0.000000000000000000e+00
0.000000000000000000e+00
0.000000000000000000e+00
0.000000000000000000e+00
0.000000000000000000e+00
0.000000000000000000e+00
0.000000000000000000e+00
0.000000000000000000e+00
0.000000000000000000e+00
0.000000000000000000e+00
0.000000000000000000e+00
0.000000000000000000e+00
0.000000000000000000e+00
0.000000000000000000e+00
0.000000000000000000e+00
0.000000000000000000e+00
0.000000000000000000e+00
0.000000000000000000e+00
0.000000000000000000e+00
0.000000000000000000e+00
0.000000000000000000e+00
0.000000000000000000e+00
0.000000000000000000e+00
0.000000000000000000e+00
0.000000000000000000e+00
0.000000000000000000e+00
0.000000000000000000e+00
0.000000000000000000e+00
0.000000000000000000e+00
0.000000000000000000e+00
0.000000000000000000e+00
0.000000000000000000e+00
-1.806899999999999895e-01
-1.806899999999999895e-01
-1.806899999999999895e-01
-1.806899999999999895e-01
-1.806899999999999895e-01
-1.806899999999999895e-01
-1.806899999999999895e-01
-1.806899999999999895e-01
-1.806899999999999895e-01
-1.806899999999999895e-01
-1.806899999999999895e-01
-1.806899999999999895e-01
-1.806899999999999895e-01
-1.806899999999999895e-01
-3.690000000000000138e-03
-3.690000000000000138e-03
-3.690000000000000138e-03
-3.690000000000000138e-03
-3.690000000000000138e-03
-3.690000000000000138e-03
-3.690000000000000138e-03
-3.690000000000000138e-03
-3.690000000000000138e-03
-3.690000000000000138e-03
-3.690000000000000138e-03
-3.690000000000000138e-03
-3.690000000000000138e-03
-3.690000000000000138e-03
-3.690000000000000138e-03
-3.690000000000000138e-03
-3.690000000000000138e-03
-3.690000000000000138e-03
-3.690000000000000138e-03
-3.690000000000000138e-03
0.000000000000000000e+00
0.000000000000000000e+00
0.000000000000000000e+00
0.000000000000000000e+00
0.000000000000000000e+00
0.000000000000000000e+00
0.000000000000000000e+00
0.000000000000000000e+00
0.000000000000000000e+00
0.000000000000000000e+00
0.000000000000000000e+00
0.000000000000000000e+00
0.000000000000000000e+00
0.000000000000000000e+00
0.000000000000000000e+00
0.000000000000000000e+00
0.000000000000000000e+00
0.000000000000000000e+00
0.000000000000000000e+00
0.000000000000000000e+00
0.000000000000000000e+00
0.000000000000000000e+00
3.082900000000000085e-01
3.082900000000000085e-01
3.082900000000000085e-01
3.082900000000000085e-01
3.082900000000000085e-01
3.082900000000000085e-01
3.082900000000000085e-01
3.082900000000000085e-01
3.082900000000000085e-01
3.082900000000000085e-01
3.082900000000000085e-01
7.496999999999999498e-02
7.496999999999999498e-02
7.496999999999999498e-02
7.496999999999999498e-02
7.496999999999999498e-02
7.496999999999999498e-02
7.496999999999999498e-02
7.496999999999999498e-02
7.496999999999999498e-02
7.496999999999999498e-02
0.000000000000000000e+00
0.000000000000000000e+00
0.000000000000000000e+00
0.000000000000000000e+00
0.000000000000000000e+00
0.000000000000000000e+00
0.000000000000000000e+00
0.000000000000000000e+00
0.000000000000000000e+00
0.000000000000000000e+00
0.000000000000000000e+00
0.000000000000000000e+00
0.000000000000000000e+00
0.000000000000000000e+00
0.000000000000000000e+00
0.000000000000000000e+00
0.000000000000000000e+00
0.000000000000000000e+00
0.000000000000000000e+00
0.000000000000000000e+00
0.000000000000000000e+00
0.000000000000000000e+00
0.000000000000000000e+00
0.000000000000000000e+00
0.000000000000000000e+00
0.000000000000000000e+00
0.000000000000000000e+00
4.170000000000000095e-03
4.170000000000000095e-03
4.170000000000000095e-03
4.170000000000000095e-03
4.170000000000000095e-03
4.170000000000000095e-03
4.170000000000000095e-03
4.170000000000000095e-03
4.170000000000000095e-03
4.170000000000000095e-03
6.060000000000000282e-03
6.060000000000000282e-03
6.060000000000000282e-03
6.060000000000000282e-03
6.060000000000000282e-03
6.060000000000000282e-03
6.060000000000000282e-03
6.060000000000000282e-03
6.060000000000000282e-03
6.060000000000000282e-03
6.060000000000000282e-03
6.060000000000000282e-03
6.060000000000000282e-03
6.060000000000000282e-03
6.060000000000000282e-03
6.060000000000000282e-03
6.060000000000000282e-03
-1.001200000000000007e-01
-1.001200000000000007e-01
-1.001200000000000007e-01
-1.001200000000000007e-01
-1.001200000000000007e-01
-1.001200000000000007e-01
-1.001200000000000007e-01
-1.001200000000000007e-01
-1.001200000000000007e-01
-1.001200000000000007e-01
-1.001200000000000007e-01
-1.001200000000000007e-01
-1.001200000000000007e-01
-1.001200000000000007e-01
-1.001200000000000007e-01
-1.001200000000000007e-01
-1.001200000000000007e-01
-1.001200000000000007e-01
-1.001200000000000007e-01
-1.001200000000000007e-01
-1.001200000000000007e-01
-1.001200000000000007e-01
-1.001200000000000007e-01
-1.001200000000000007e-01
-5.879999999999999810e-02
-5.879999999999999810e-02
-5.879999999999999810e-02
-5.879999999999999810e-02
-5.879999999999999810e-02
-5.879999999999999810e-02
-5.879999999999999810e-02
-5.879999999999999810e-02
-5.879999999999999810e-02
-5.879999999999999810e-02
-5.879999999999999810e-02
-5.879999999999999810e-02
-5.879999999999999810e-02
-5.879999999999999810e-02
1.330000000000000019e-03
1.330000000000000019e-03
1.330000000000000019e-03
1.330000000000000019e-03
1.330000000000000019e-03
1.330000000000000019e-03
1.330000000000000019e-03
1.330000000000000019e-03
1.330000000000000019e-03
1.330000000000000019e-03
9.754000000000000170e-02
9.754000000000000170e-02
9.754000000000000170e-02
9.754000000000000170e-02
9.754000000000000170e-02
9.754000000000000170e-02
9.754000000000000170e-02
0.000000000000000000e+00
0.000000000000000000e+00
0.000000000000000000e+00
0.000000000000000000e+00
0.000000000000000000e+00
0.000000000000000000e+00
0.000000000000000000e+00
0.000000000000000000e+00
0.000000000000000000e+00
0.000000000000000000e+00
0.000000000000000000e+00
0.000000000000000000e+00
0.000000000000000000e+00
0.000000000000000000e+00
0.000000000000000000e+00
0.000000000000000000e+00
0.000000000000000000e+00
0.000000000000000000e+00
0.000000000000000000e+00
0.000000000000000000e+00
0.000000000000000000e+00
0.000000000000000000e+00
0.000000000000000000e+00
0.000000000000000000e+00
0.000000000000000000e+00
0.000000000000000000e+00
0.000000000000000000e+00
0.000000000000000000e+00
0.000000000000000000e+00
0.000000000000000000e+00
0.000000000000000000e+00
0.000000000000000000e+00
0.000000000000000000e+00
0.000000000000000000e+00
0.000000000000000000e+00
0.000000000000000000e+00
0.000000000000000000e+00
0.000000000000000000e+00
0.000000000000000000e+00
0.000000000000000000e+00
0.000000000000000000e+00
0.000000000000000000e+00
0.000000000000000000e+00
0.000000000000000000e+00
0.000000000000000000e+00
0.000000000000000000e+00
0.000000000000000000e+00
0.000000000000000000e+00
0.000000000000000000e+00
0.000000000000000000e+00
0.000000000000000000e+00
0.000000000000000000e+00
0.000000000000000000e+00
0.000000000000000000e+00
0.000000000000000000e+00
0.000000000000000000e+00
0.000000000000000000e+00
0.000000000000000000e+00
0.000000000000000000e+00
0.000000000000000000e+00
0.000000000000000000e+00
0.000000000000000000e+00
0.000000000000000000e+00
0.000000000000000000e+00
0.000000000000000000e+00
0.000000000000000000e+00
0.000000000000000000e+00
0.000000000000000000e+00
0.000000000000000000e+00
0.000000000000000000e+00
0.000000000000000000e+00
0.000000000000000000e+00
0.000000000000000000e+00
0.000000000000000000e+00
0.000000000000000000e+00
0.000000000000000000e+00
0.000000000000000000e+00
0.000000000000000000e+00
0.000000000000000000e+00
0.000000000000000000e+00
0.000000000000000000e+00
0.000000000000000000e+00
0.000000000000000000e+00
0.000000000000000000e+00
0.000000000000000000e+00
0.000000000000000000e+00
0.000000000000000000e+00
0.000000000000000000e+00
0.000000000000000000e+00
0.000000000000000000e+00
0.000000000000000000e+00
0.000000000000000000e+00
0.000000000000000000e+00
0.000000000000000000e+00
0.000000000000000000e+00
0.000000000000000000e+00
0.000000000000000000e+00
0.000000000000000000e+00
0.000000000000000000e+00
0.000000000000000000e+00
0.000000000000000000e+00
0.000000000000000000e+00
0.000000000000000000e+00
0.000000000000000000e+00
0.000000000000000000e+00
0.000000000000000000e+00
0.000000000000000000e+00
0.000000000000000000e+00
0.000000000000000000e+00
0.000000000000000000e+00
0.000000000000000000e+00
0.000000000000000000e+00
0.000000000000000000e+00
0.000000000000000000e+00
0.000000000000000000e+00
0.000000000000000000e+00
0.000000000000000000e+00
0.000000000000000000e+00
0.000000000000000000e+00
0.000000000000000000e+00
0.000000000000000000e+00
0.000000000000000000e+00
0.000000000000000000e+00
0.000000000000000000e+00
0.000000000000000000e+00
0.000000000000000000e+00
0.000000000000000000e+00
0.000000000000000000e+00
0.000000000000000000e+00
0.000000000000000000e+00
0.000000000000000000e+00
0.000000000000000000e+00
0.000000000000000000e+00
0.000000000000000000e+00
0.000000000000000000e+00
0.000000000000000000e+00
0.000000000000000000e+00
0.000000000000000000e+00
0.000000000000000000e+00
0.000000000000000000e+00
0.000000000000000000e+00
0.000000000000000000e+00
0.000000000000000000e+00
0.000000000000000000e+00
0.000000000000000000e+00
0.000000000000000000e+00
0.000000000000000000e+00
0.000000000000000000e+00
0.000000000000000000e+00
0.000000000000000000e+00
0.000000000000000000e+00
0.000000000000000000e+00
0.000000000000000000e+00
0.000000000000000000e+00
0.000000000000000000e+00
0.000000000000000000e+00
0.000000000000000000e+00
0.000000000000000000e+00
0.000000000000000000e+00
0.000000000000000000e+00
0.000000000000000000e+00
0.000000000000000000e+00
0.000000000000000000e+00
0.000000000000000000e+00
0.000000000000000000e+00
0.000000000000000000e+00
0.000000000000000000e+00
0.000000000000000000e+00
0.000000000000000000e+00
0.000000000000000000e+00
0.000000000000000000e+00
0.000000000000000000e+00
0.000000000000000000e+00
0.000000000000000000e+00
0.000000000000000000e+00
0.000000000000000000e+00
0.000000000000000000e+00
0.000000000000000000e+00
0.000000000000000000e+00
0.000000000000000000e+00
0.000000000000000000e+00
0.000000000000000000e+00
0.000000000000000000e+00
0.000000000000000000e+00
0.000000000000000000e+00
0.000000000000000000e+00
0.000000000000000000e+00
0.000000000000000000e+00
0.000000000000000000e+00
0.000000000000000000e+00
0.000000000000000000e+00
0.000000000000000000e+00
0.000000000000000000e+00
0.000000000000000000e+00
0.000000000000000000e+00
0.000000000000000000e+00
0.000000000000000000e+00
0.000000000000000000e+00
0.000000000000000000e+00
0.000000000000000000e+00
0.000000000000000000e+00
0.000000000000000000e+00
0.000000000000000000e+00
0.000000000000000000e+00
0.000000000000000000e+00
0.000000000000000000e+00
0.000000000000000000e+00
0.000000000000000000e+00
0.000000000000000000e+00
0.000000000000000000e+00
0.000000000000000000e+00
0.000000000000000000e+00
0.000000000000000000e+00
