# Times: 0.167 1.0 10.0 120.0
 0.13594  0.58311  0.99984  1.00000
 0.01729  0.09916  0.64807  1.00000
 0.17857  0.69207  0.99999  1.00000
 0.20816  0.75281  1.00000  1.00000
 0.97189  1.00000  1.00000  1.00000
 0.79267  0.99992  1.00000  1.00000
 0.98800  1.00000  1.00000  1.00000
 0.53784  0.99017  1.00000  1.00000
 0.00717  0.04220  0.35022  0.99433
 0.19035  0.71760  1.00000  1.00000
 0.00029  0.00172  0.01703  0.18631
 0.00002  0.00010  0.00100  0.01195
 0.00000  0.00000  0.00005  0.00057
 0.00010  0.00058  0.00577  0.06703
 0.00209  0.01243  0.11757  0.77707
 0.73526  0.99965  1.00000  1.00000
 0.99021  1.00000  1.00000  1.00000
 0.02650  0.14855  0.79974  1.00000
 0.00199  0.01183  0.11223  0.76034
 0.07638  0.37862  0.99142  1.00000
 0.00126  0.00751  0.07257  0.59506
 0.09116  0.43583  0.99673  1.00000
 0.00081  0.00485  0.04743  0.44185
 0.14217  0.60080  0.99990  1.00000
 0.00011  0.00069  0.00685  0.07917
 0.00005  0.00030  0.00302  0.03560
 0.01187  0.06903  0.51097  0.99981
 0.18365  0.70331  0.99999  1.00000
 0.26380  0.84020  1.00000  1.00000
 1.00000  1.00000  1.00000  1.00000
 0.96938  1.00000  1.00000  1.00000
 0.45777  0.97440  1.00000  1.00000
 0.00164  0.00975  0.09337  0.69157
 0.18882  0.71439  1.00000  1.00000
 0.34861  0.92322  1.00000  1.00000
 0.00173  0.01033  0.09863  0.71237
 0.00457  0.02703  0.23969  0.96269
 0.16056  0.64938  0.99997  1.00000
 0.14154  0.59902  0.99989  1.00000
 0.00823  0.04829  0.39042  0.99737
 0.02914  0.16227  0.82976  1.00000
