# Times: 0.167 1.0 10.0 120.0
 0.12016  0.53538  0.99953  1.00000
 0.01434  0.08284  0.57882  0.99997
 0.21660  0.76817  1.00000  1.00000
 0.20555  0.74789  1.00000  1.00000
 0.97037  1.00000  1.00000  1.00000
 0.78504  0.99990  1.00000  1.00000
 0.98958  1.00000  1.00000  1.00000
 0.44775  0.97143  1.00000  1.00000
 0.00732  0.04306  0.35604  0.99491
 0.19090  0.71873  1.00000  1.00000
 0.00029  0.00174  0.01723  0.18824
 0.00002  0.00010  0.00095  0.01135
 0.00000  0.00000  0.00005  0.00059
 0.00009  0.00057  0.00567  0.06599
 0.00228  0.01359  0.12787  0.80637
 0.73978  0.99968  1.00000  1.00000
 0.99125  1.00000  1.00000  1.00000
 0.02479  0.13957  0.77759  1.00000
 0.00196  0.01168  0.11086  0.75585
 0.06348  0.32480  0.98031  1.00000
 0.00139  0.00832  0.08018  0.63319
 0.07586  0.37648  0.99112  1.00000
 0.00082  0.00492  0.04816  0.44696
 0.13313  0.57493  0.99981  1.00000
 0.00011  0.00065  0.00648  0.07510
 0.00005  0.00029  0.00293  0.03456
 0.01119  0.06518  0.49034  0.99969
 0.15057  0.62364  0.99994  1.00000
 0.27351  0.85241  1.00000  1.00000
 1.00000  1.00000  1.00000  1.00000
 0.97482  1.00000  1.00000  1.00000
 0.60134  0.99594  1.00000  1.00000
 0.00190  0.01132  0.10760  0.74490
 0.12915  0.56310  0.99975  1.00000
 0.30646  0.88823  1.00000  1.00000
 0.00146  0.00871  0.08372  0.64978
 0.00418  0.02477  0.22183  0.95070
 0.18046  0.69629  0.99999  1.00000
 0.15129  0.62553  0.99995  1.00000
 0.00800  0.04693  0.38164  0.99687
 0.02108  0.11978  0.72081  1.00000
