# Times: 0.167 1.0 10.0 120.0
 0.16383  0.65747  0.99998  1.00000
 0.02492  0.14027  0.77939  1.00000
 0.10694  0.49200  0.99886  1.00000
 0.19914  0.73546  1.00000  1.00000
 0.99798  1.00000  1.00000  1.00000
 0.75089  0.99976  1.00000  1.00000
 0.99942  1.00000  1.00000  1.00000
 0.64537  0.99799  1.00000  1.00000
 0.00337  0.01999  0.18288  0.91141
 0.18428  0.70467  0.99999  1.00000
 0.00023  0.00139  0.01383  0.15392
 0.00003  0.00018  0.00180  0.02140
 0.00000  0.00000  0.00004  0.00053
 0.00011  0.00065  0.00643  0.07451
 0.00178  0.01063  0.10137  0.72268
 0.76640  0.99983  1.00000  1.00000
 0.98209  1.00000  1.00000  1.00000
 0.03740  0.20409  0.89799  1.00000
 0.00241  0.01434  0.13451  0.82334
 0.19374  0.72460  1.00000  1.00000
 0.00088  0.00528  0.05161  0.47052
 0.17975  0.69472  0.99999  1.00000
 0.00072  0.00430  0.04213  0.40341
 0.21470  0.76479  1.00000  1.00000
 0.00029  0.00173  0.01712  0.18719
 0.00014  0.00086  0.00854  0.09784
 0.01442  0.08329  0.58089  0.99997
 0.39437  0.95036  1.00000  1.00000
 0.30077  0.88263  1.00000  1.00000
 1.00000  1.00000  1.00000  1.00000
 0.84835  0.99999  1.00000  1.00000
 0.13174  0.57082  0.99979  1.00000
 0.00102  0.00607  0.05907  0.51841
 0.50900  0.98587  1.00000  1.00000
 0.55592  0.99226  1.00000  1.00000
 0.00255  0.01518  0.14184  0.84047
 0.00537  0.03173  0.27560  0.97912
 0.11360  0.51425  0.99927  1.00000
 0.09912  0.46475  0.99807  1.00000
 0.01000  0.05841  0.45218  0.99927
 0.07128  0.35776  0.98806  1.00000
