# Times: 0.167 1.0 10.0 120.0
 0.15963  0.64704  0.99997  1.00000
 0.02543  0.14296  0.78620  1.00000
 0.10792  0.49532  0.99893  1.00000
 0.20620  0.74912  1.00000  1.00000
 0.99067  1.00000  1.00000  1.00000
 0.77738  0.99988  1.00000  1.00000
 0.99645  1.00000  1.00000  1.00000
 0.65968  0.99843  1.00000  1.00000
 0.00470  0.02781  0.24577  0.96611
 0.18896  0.71466  1.00000  1.00000
 0.00026  0.00154  0.01525  0.16836
 0.00002  0.00015  0.00148  0.01767
 0.00000  0.00000  0.00004  0.00053
 0.00011  0.00064  0.00640  0.07411
 0.00179  0.01068  0.10183  0.72438
 0.76025  0.99981  1.00000  1.00000
 0.98562  1.00000  1.00000  1.00000
 0.03694  0.20180  0.89502  1.00000
 0.00224  0.01336  0.12587  0.80098
 0.16977  0.67179  0.99999  1.00000
 0.00090  0.00540  0.05271  0.47788
 0.15817  0.64336  0.99997  1.00000
 0.00074  0.00445  0.04361  0.41438
 0.18888  0.71450  1.00000  1.00000
 0.00020  0.00122  0.01214  0.13631
 0.00009  0.00053  0.00531  0.06191
 0.01304  0.07559  0.54431  0.99992
 0.33250  0.91111  1.00000  1.00000
 0.26648  0.84365  1.00000  1.00000
 1.00000  1.00000  1.00000  1.00000
 0.89792  1.00000  1.00000  1.00000
 0.13878  0.59124  0.99987  1.00000
 0.00108  0.00643  0.06250  0.53906
 0.44966  0.97202  1.00000  1.00000
 0.53495  0.98979  1.00000  1.00000
 0.00268  0.01593  0.14836  0.85444
 0.00574  0.03387  0.29148  0.98400
 0.11967  0.53384  0.99952  1.00000
 0.10880  0.49830  0.99899  1.00000
 0.00928  0.05430  0.42785  0.99877
 0.06807  0.34438  0.98533  1.00000
