# Times: 0.167 1.0 10.0 120.0
 0.13087  0.56824  0.99977  1.00000
 0.01622  0.09327  0.62433  0.99999
 0.19159  0.72016  1.00000  1.00000
 0.20735  0.75128  1.00000  1.00000
 0.97133  1.00000  1.00000  1.00000
 0.79004  0.99991  1.00000  1.00000
 0.98862  1.00000  1.00000  1.00000
 0.50673  0.98547  1.00000  1.00000
 0.00725  0.04263  0.35313  0.99463
 0.19056  0.71803  1.00000  1.00000
 0.00029  0.00173  0.01712  0.18716
 0.00002  0.00010  0.00098  0.01172
 0.00000  0.00000  0.00005  0.00058
 0.00010  0.00057  0.00573  0.06665
 0.00215  0.01282  0.12103  0.78734
 0.73699  0.99966  1.00000  1.00000
 0.99059  1.00000  1.00000  1.00000
 0.02584  0.14512  0.79152  1.00000
 0.00197  0.01176  0.11160  0.75829
 0.07102  0.35667  0.98786  1.00000
 0.00130  0.00777  0.07502  0.60771
 0.08538  0.41397  0.99522  1.00000
 0.00082  0.00487  0.04767  0.44355
 0.13872  0.59108  0.99987  1.00000
 0.00011  0.00067  0.00671  0.07764
 0.00005  0.00030  0.00298  0.03521
 0.01167  0.06788  0.50488  0.99978
 0.17156  0.67600  0.99999  1.00000
 0.26718  0.84454  1.00000  1.00000
 1.00000  1.00000  1.00000  1.00000
 0.97166  1.00000  1.00000  1.00000
 0.51165  0.98632  1.00000  1.00000
 0.00173  0.01031  0.09849  0.71182
 0.16585  0.66240  0.99998  1.00000
 0.33230  0.91096  1.00000  1.00000
 0.00163  0.00972  0.09305  0.69025
 0.00441  0.02611  0.23250  0.95822
 0.16730  0.66589  0.99998  1.00000
 0.14484  0.60818  0.99991  1.00000
 0.00818  0.04798  0.38839  0.99726
 0.02623  0.14714  0.79639  1.00000
