# Times: 0.167 1.0 10.0 120.0
 0.11866  0.53062  0.99948  1.00000
 0.01411  0.08156  0.57293  0.99996
 0.21976  0.77371  1.00000  1.00000
 0.20523  0.74727  1.00000  1.00000
 0.97025  1.00000  1.00000  1.00000
 0.78438  0.99990  1.00000  1.00000
 0.98968  1.00000  1.00000  1.00000
 0.44029  0.96904  1.00000  1.00000
 0.00733  0.04308  0.35622  0.99493
 0.19093  0.71880  1.00000  1.00000
 0.00029  0.00174  0.01724  0.18832
 0.00002  0.00009  0.00095  0.01131
 0.00000  0.00000  0.00005  0.00059
 0.00009  0.00057  0.00567  0.06591
 0.00230  0.01369  0.12880  0.80882
 0.74022  0.99969  1.00000  1.00000
 0.99133  1.00000  1.00000  1.00000
 0.02467  0.13891  0.77589  1.00000
 0.00196  0.01167  0.11078  0.75560
 0.06269  0.32137  0.97928  1.00000
 0.00141  0.00840  0.08093  0.63676
 0.07474  0.37197  0.99045  1.00000
 0.00083  0.00493  0.04823  0.44742
 0.13248  0.57301  0.99980  1.00000
 0.00011  0.00065  0.00646  0.07479
 0.00005  0.00029  0.00292  0.03448
 0.01112  0.06479  0.48820  0.99968
 0.14801  0.61678  0.99993  1.00000
 0.27429  0.85337  1.00000  1.00000
 1.00000  1.00000  1.00000  1.00000
 0.97514  1.00000  1.00000  1.00000
 0.61283  0.99659  1.00000  1.00000
 0.00192  0.01145  0.10880  0.74899
 0.12504  0.55062  0.99966  1.00000
 0.30348  0.88532  1.00000  1.00000
 0.00144  0.00858  0.08259  0.64459
 0.00416  0.02463  0.22069  0.94982
 0.18220  0.70014  0.99999  1.00000
 0.15216  0.62782  0.99995  1.00000
 0.00796  0.04676  0.38051  0.99681
 0.02043  0.11629  0.70952  1.00000
