# Times: 0.167 1.0 10.0 120.0
 0.12481  0.54991  0.99966  1.00000
 0.01510  0.08706  0.59782  0.99998
 0.20623  0.74918  1.00000  1.00000
 0.20643  0.74955  1.00000  1.00000
 0.97077  1.00000  1.00000  1.00000
 0.78713  0.99991  1.00000  1.00000
 0.98922  1.00000  1.00000  1.00000
 0.47217  0.97821  1.00000  1.00000
 0.00730  0.04293  0.35517  0.99483
 0.19077  0.71847  1.00000  1.00000
 0.00029  0.00173  0.01719  0.18788
 0.00002  0.00010  0.00096  0.01149
 0.00000  0.00000  0.00005  0.00059
 0.00010  0.00057  0.00570  0.06625
 0.00223  0.01326  0.12496  0.79846
 0.73853  0.99968  1.00000  1.00000
 0.99098  1.00000  1.00000  1.00000
 0.02521  0.14177  0.78321  1.00000
 0.00197  0.01171  0.11112  0.75671
 0.06629  0.33682  0.98355  1.00000
 0.00135  0.00808  0.07791  0.62216
 0.07962  0.39155  0.99305  1.00000
 0.00082  0.00490  0.04795  0.44550
 0.13534  0.58136  0.99983  1.00000
 0.00011  0.00066  0.00658  0.07611
 0.00005  0.00030  0.00295  0.03483
 0.01141  0.06638  0.49686  0.99974
 0.15907  0.64563  0.99997  1.00000
 0.27091  0.84923  1.00000  1.00000
 1.00000  1.00000  1.00000  1.00000
 0.97366  1.00000  1.00000  1.00000
 0.56450  0.99311  1.00000  1.00000
 0.00183  0.01090  0.10380  0.73156
 0.14340  0.60421  0.99991  1.00000
 0.31659  0.89765  1.00000  1.00000
 0.00153  0.00911  0.08746  0.66657
 0.00427  0.02528  0.22587  0.95368
 0.17490  0.68375  0.99999  1.00000
 0.14855  0.61824  0.99993  1.00000
 0.00808  0.04743  0.38489  0.99707
 0.02319  0.13109  0.75467  1.00000
