# Times: 0.167 1.0 10.0 120.0
 0.11779  0.52784  0.99945  1.00000
 0.01398  0.08084  0.56956  0.99996
 0.22155  0.77680  1.00000  1.00000
 0.20503  0.74689  1.00000  1.00000
 0.97018  1.00000  1.00000  1.00000
 0.78400  0.99990  1.00000  1.00000
 0.98973  1.00000  1.00000  1.00000
 0.43604  0.96761  1.00000  1.00000
 0.00733  0.04310  0.35632  0.99494
 0.19095  0.71883  1.00000  1.00000
 0.00029  0.00174  0.01724  0.18836
 0.00002  0.00009  0.00095  0.01129
 0.00000  0.00000  0.00005  0.00059
 0.00009  0.00057  0.00566  0.06586
 0.00231  0.01375  0.12933  0.81023
 0.74049  0.99969  1.00000  1.00000
 0.99137  1.00000  1.00000  1.00000
 0.02460  0.13854  0.77492  1.00000
 0.00196  0.01167  0.11074  0.75546
 0.06225  0.31947  0.97869  1.00000
 0.00142  0.00845  0.08137  0.63885
 0.07411  0.36941  0.99006  1.00000
 0.00083  0.00493  0.04827  0.44769
 0.13211  0.57192  0.99979  1.00000
 0.00011  0.00065  0.00644  0.07462
 0.00005  0.00029  0.00292  0.03443
 0.01108  0.06456  0.48695  0.99967
 0.14655  0.61284  0.99992  1.00000
 0.27474  0.85391  1.00000  1.00000
 1.00000  1.00000  1.00000  1.00000
 0.97531  1.00000  1.00000  1.00000
 0.61945  0.99693  1.00000  1.00000
 0.00193  0.01153  0.10949  0.75132
 0.12276  0.54355  0.99961  1.00000
 0.30180  0.88366  1.00000  1.00000
 0.00143  0.00851  0.08196  0.64161
 0.00414  0.02455  0.22005  0.94932
 0.18321  0.70234  0.99999  1.00000
 0.15266  0.62914  0.99995  1.00000
 0.00795  0.04665  0.37983  0.99676
 0.02006  0.11429  0.70288  1.00000
