# Times: 0.167 1.0 10.0 120.0
 0.11941  0.53302  0.99951  1.00000
 0.01422  0.08220  0.57588  0.99997
 0.21818  0.77095  1.00000  1.00000
 0.20539  0.74759  1.00000  1.00000
 0.97031  1.00000  1.00000  1.00000
 0.78471  0.99990  1.00000  1.00000
 0.98963  1.00000  1.00000  1.00000
 0.44402  0.97026  1.00000  1.00000
 0.00733  0.04307  0.35613  0.99492
 0.19091  0.71876  1.00000  1.00000
 0.00029  0.00174  0.01723  0.18828
 0.00002  0.00009  0.00095  0.01133
 0.00000  0.00000  0.00005  0.00059
 0.00009  0.00057  0.00567  0.06595
 0.00229  0.01364  0.12833  0.80759
 0.73999  0.99969  1.00000  1.00000
 0.99129  1.00000  1.00000  1.00000
 0.02473  0.13924  0.77674  1.00000
 0.00196  0.01168  0.11082  0.75572
 0.06309  0.32308  0.97980  1.00000
 0.00140  0.00836  0.08055  0.63496
 0.07530  0.37422  0.99079  1.00000
 0.00082  0.00493  0.04819  0.44719
 0.13281  0.57397  0.99980  1.00000
 0.00011  0.00065  0.00647  0.07495
 0.00005  0.00029  0.00292  0.03452
 0.01116  0.06499  0.48928  0.99969
 0.14929  0.62022  0.99994  1.00000
 0.27390  0.85289  1.00000  1.00000
 1.00000  1.00000  1.00000  1.00000
 0.97498  1.00000  1.00000  1.00000
 0.60706  0.99628  1.00000  1.00000
 0.00191  0.01139  0.10820  0.74694
 0.12708  0.55686  0.99971  1.00000
 0.30497  0.88678  1.00000  1.00000
 0.00145  0.00864  0.08316  0.64719
 0.00417  0.02470  0.22126  0.95026
 0.18133  0.69821  0.99999  1.00000
 0.15172  0.62667  0.99995  1.00000
 0.00798  0.04685  0.38108  0.99684
 0.02076  0.11804  0.71524  1.00000
