# Times: 0.167 1.0 10.0 120.0
 0.11916  0.53223  0.99950  1.00000
 0.01418  0.08199  0.57490  0.99997
 0.21871  0.77188  1.00000  1.00000
 0.20534  0.74749  1.00000  1.00000
 0.97029  1.00000  1.00000  1.00000
 0.78460  0.99990  1.00000  1.00000
 0.98964  1.00000  1.00000  1.00000
 0.44278  0.96986  1.00000  1.00000
 0.00733  0.04308  0.35616  0.99493
 0.19092  0.71877  1.00000  1.00000
 0.00029  0.00174  0.01723  0.18829
 0.00002  0.00009  0.00095  0.01132
 0.00000  0.00000  0.00005  0.00059
 0.00009  0.00057  0.00567  0.06593
 0.00229  0.01366  0.12848  0.80800
 0.74007  0.99969  1.00000  1.00000
 0.99130  1.00000  1.00000  1.00000
 0.02471  0.13913  0.77646  1.00000
 0.00196  0.01168  0.11081  0.75568
 0.06295  0.32251  0.97963  1.00000
 0.00140  0.00838  0.08067  0.63555
 0.07511  0.37347  0.99068  1.00000
 0.00082  0.00493  0.04821  0.44727
 0.13270  0.57365  0.99980  1.00000
 0.00011  0.00065  0.00647  0.07490
 0.00005  0.00029  0.00292  0.03451
 0.01115  0.06492  0.48892  0.99968
 0.14886  0.61908  0.99994  1.00000
 0.27403  0.85305  1.00000  1.00000
 1.00000  1.00000  1.00000  1.00000
 0.97503  1.00000  1.00000  1.00000
 0.60898  0.99639  1.00000  1.00000
 0.00191  0.01141  0.10840  0.74762
 0.12640  0.55478  0.99969  1.00000
 0.30447  0.88630  1.00000  1.00000
 0.00145  0.00862  0.08297  0.64633
 0.00416  0.02467  0.22107  0.95011
 0.18162  0.69885  0.99999  1.00000
 0.15186  0.62705  0.99995  1.00000
 0.00798  0.04682  0.38089  0.99683
 0.02065  0.11746  0.71335  1.00000
