# Times: 0.167 1.0 10.0 120.0
 0.11776  0.52776  0.99945  1.00000
 0.01397  0.08082  0.56947  0.99996
 0.22160  0.77689  1.00000  1.00000
 0.20502  0.74688  1.00000  1.00000
 0.97018  1.00000  1.00000  1.00000
 0.78399  0.99990  1.00000  1.00000
 0.98973  1.00000  1.00000  1.00000
 0.43592  0.96756  1.00000  1.00000
 0.00733  0.04310  0.35632  0.99494
 0.19095  0.71883  1.00000  1.00000
 0.00029  0.00174  0.01724  0.18836
 0.00002  0.00009  0.00095  0.01129
 0.00000  0.00000  0.00005  0.00059
 0.00009  0.00057  0.00566  0.06586
 0.00231  0.01376  0.12935  0.81027
 0.74050  0.99969  1.00000  1.00000
 0.99138  1.00000  1.00000  1.00000
 0.02460  0.13853  0.77489  1.00000
 0.00196  0.01167  0.11074  0.75546
 0.06224  0.31941  0.97868  1.00000
 0.00142  0.00845  0.08138  0.63891
 0.07410  0.36934  0.99005  1.00000
 0.00083  0.00494  0.04827  0.44770
 0.13210  0.57189  0.99979  1.00000
 0.00011  0.00065  0.00644  0.07462
 0.00005  0.00029  0.00292  0.03443
 0.01108  0.06455  0.48691  0.99967
 0.14651  0.61273  0.99992  1.00000
 0.27476  0.85392  1.00000  1.00000
 1.00000  1.00000  1.00000  1.00000
 0.97532  1.00000  1.00000  1.00000
 0.61964  0.99694  1.00000  1.00000
 0.00194  0.01153  0.10952  0.75139
 0.12269  0.54334  0.99961  1.00000
 0.30175  0.88361  1.00000  1.00000
 0.00143  0.00851  0.08194  0.64152
 0.00414  0.02454  0.22003  0.94931
 0.18324  0.70240  0.99999  1.00000
 0.15267  0.62918  0.99995  1.00000
 0.00795  0.04665  0.37981  0.99676
 0.02005  0.11423  0.70268  1.00000
