# Times: 0.167 1.0 10.0 120.0
 0.16226  0.65359  0.99998  1.00000
 0.02520  0.14173  0.78311  1.00000
 0.10619  0.48944  0.99880  1.00000
 0.20236  0.74176  1.00000  1.00000
 0.99599  1.00000  1.00000  1.00000
 0.76207  0.99982  1.00000  1.00000
 0.99875  1.00000  1.00000  1.00000
 0.65053  0.99816  1.00000  1.00000
 0.00385  0.02285  0.20635  0.93755
 0.18632  0.70906  1.00000  1.00000
 0.00024  0.00145  0.01445  0.16029
 0.00003  0.00017  0.00167  0.01987
 0.00000  0.00000  0.00004  0.00053
 0.00011  0.00064  0.00641  0.07430
 0.00179  0.01064  0.10147  0.72307
 0.76493  0.99983  1.00000  1.00000
 0.98321  1.00000  1.00000  1.00000
 0.03748  0.20448  0.89849  1.00000
 0.00233  0.01387  0.13037  0.81293
 0.18407  0.70423  0.99999  1.00000
 0.00089  0.00530  0.05172  0.47124
 0.17067  0.67392  0.99999  1.00000
 0.00073  0.00436  0.04277  0.40821
 0.20359  0.74414  1.00000  1.00000
 0.00025  0.00150  0.01491  0.16500
 0.00012  0.00071  0.00703  0.08122
 0.01380  0.07983  0.56479  0.99995
 0.36844  0.93619  1.00000  1.00000
 0.28529  0.86618  1.00000  1.00000
 1.00000  1.00000  1.00000  1.00000
 0.86983  1.00000  1.00000  1.00000
 0.13349  0.57599  0.99981  1.00000
 0.00104  0.00620  0.06032  0.52604
 0.48691  0.98161  1.00000  1.00000
 0.54940  0.99155  1.00000  1.00000
 0.00263  0.01563  0.14575  0.84898
 0.00553  0.03268  0.28270  0.98145
 0.11605  0.52223  0.99938  1.00000
 0.10338  0.47974  0.99855  1.00000
 0.00970  0.05672  0.44229  0.99909
 0.07049  0.35450  0.98744  1.00000
