# Times: 0.167 1.0 10.0 120.0
 0.11774  0.52767  0.99945  1.00000
 0.01397  0.08080  0.56937  0.99996
 0.22166  0.77698  1.00000  1.00000
 0.20502  0.74687  1.00000  1.00000
 0.97017  1.00000  1.00000  1.00000
 0.78398  0.99990  1.00000  1.00000
 0.98974  1.00000  1.00000  1.00000
 0.43579  0.96752  1.00000  1.00000
 0.00733  0.04310  0.35632  0.99494
 0.19095  0.71883  1.00000  1.00000
 0.00029  0.00174  0.01724  0.18836
 0.00002  0.00009  0.00095  0.01129
 0.00000  0.00000  0.00005  0.00059
 0.00009  0.00057  0.00566  0.06586
 0.00231  0.01376  0.12936  0.81031
 0.74051  0.99969  1.00000  1.00000
 0.99138  1.00000  1.00000  1.00000
 0.02459  0.13852  0.77487  1.00000
 0.00196  0.01167  0.11074  0.75546
 0.06223  0.31936  0.97866  1.00000
 0.00142  0.00845  0.08140  0.63897
 0.07408  0.36926  0.99004  1.00000
 0.00083  0.00494  0.04827  0.44771
 0.13209  0.57186  0.99979  1.00000
 0.00011  0.00065  0.00644  0.07461
 0.00005  0.00029  0.00292  0.03443
 0.01108  0.06455  0.48688  0.99967
 0.14647  0.61261  0.99992  1.00000
 0.27477  0.85394  1.00000  1.00000
 1.00000  1.00000  1.00000  1.00000
 0.97532  1.00000  1.00000  1.00000
 0.61984  0.99695  1.00000  1.00000
 0.00194  0.01153  0.10954  0.75146
 0.12262  0.54313  0.99960  1.00000
 0.30171  0.88356  1.00000  1.00000
 0.00143  0.00851  0.08192  0.64143
 0.00414  0.02454  0.22001  0.94929
 0.18327  0.70247  0.99999  1.00000
 0.15269  0.62922  0.99995  1.00000
 0.00795  0.04665  0.37979  0.99676
 0.02004  0.11417  0.70248  1.00000
