# Times: 0.167 1.0 10.0 120.0
 0.15656  0.63924  0.99996  1.00000
 0.02483  0.13975  0.77806  1.00000
 0.11440  0.51689  0.99931  1.00000
 0.20906  0.75448  1.00000  1.00000
 0.98226  1.00000  1.00000  1.00000
 0.79086  0.99991  1.00000  1.00000
 0.99013  1.00000  1.00000  1.00000
 0.66284  0.99851  1.00000  1.00000
 0.00557  0.03290  0.28435  0.98195
 0.19069  0.71829  1.00000  1.00000
 0.00027  0.00161  0.01597  0.17563
 0.00002  0.00013  0.00130  0.01555
 0.00000  0.00000  0.00004  0.00053
 0.00011  0.00063  0.00629  0.07295
 0.00180  0.01076  0.10250  0.72684
 0.75011  0.99975  1.00000  1.00000
 0.98780  1.00000  1.00000  1.00000
 0.03507  0.19245  0.88205  1.00000
 0.00217  0.01291  0.12188  0.78979
 0.15046  0.62334  0.99994  1.00000
 0.00095  0.00570  0.05557  0.49645
 0.14357  0.60467  0.99991  1.00000
 0.00076  0.00455  0.04460  0.42162
 0.17534  0.68476  0.99999  1.00000
 0.00016  0.00099  0.00982  0.11164
 0.00007  0.00041  0.00406  0.04765
 0.01244  0.07225  0.52758  0.99988
 0.29467  0.87636  1.00000  1.00000
 0.25347  0.82630  1.00000  1.00000
 1.00000  1.00000  1.00000  1.00000
 0.92417  1.00000  1.00000  1.00000
 0.15152  0.62615  0.99995  1.00000
 0.00113  0.00674  0.06536  0.55565
 0.39850  0.95235  1.00000  1.00000
 0.50894  0.98586  1.00000  1.00000
 0.00261  0.01555  0.14510  0.84760
 0.00583  0.03442  0.29552  0.98506
 0.12454  0.54908  0.99965  1.00000
 0.11522  0.51956  0.99934  1.00000
 0.00884  0.05180  0.41250  0.99831
 0.06154  0.31634  0.97770  1.00000
