# Times: 0.167 1.0 10.0 120.0
 0.11891  0.53143  0.99949  1.00000
 0.01415  0.08177  0.57392  0.99996
 0.21923  0.77279  1.00000  1.00000
 0.20528  0.74738  1.00000  1.00000
 0.97027  1.00000  1.00000  1.00000
 0.78449  0.99990  1.00000  1.00000
 0.98966  1.00000  1.00000  1.00000
 0.44153  0.96945  1.00000  1.00000
 0.00733  0.04308  0.35619  0.99493
 0.19092  0.71879  1.00000  1.00000
 0.00029  0.00174  0.01724  0.18831
 0.00002  0.00009  0.00095  0.01132
 0.00000  0.00000  0.00005  0.00059
 0.00009  0.00057  0.00567  0.06592
 0.00230  0.01368  0.12864  0.80841
 0.74014  0.99969  1.00000  1.00000
 0.99132  1.00000  1.00000  1.00000
 0.02469  0.13902  0.77617  1.00000
 0.00196  0.01167  0.11079  0.75564
 0.06282  0.32194  0.97946  1.00000
 0.00141  0.00839  0.08080  0.63616
 0.07493  0.37272  0.99057  1.00000
 0.00082  0.00493  0.04822  0.44735
 0.13259  0.57333  0.99980  1.00000
 0.00011  0.00065  0.00646  0.07484
 0.00005  0.00029  0.00292  0.03449
 0.01114  0.06485  0.48856  0.99968
 0.14844  0.61793  0.99993  1.00000
 0.27416  0.85321  1.00000  1.00000
 1.00000  1.00000  1.00000  1.00000
 0.97509  1.00000  1.00000  1.00000
 0.61090  0.99649  1.00000  1.00000
 0.00192  0.01143  0.10860  0.74830
 0.12572  0.55270  0.99968  1.00000
 0.30398  0.88581  1.00000  1.00000
 0.00144  0.00860  0.08278  0.64546
 0.00416  0.02465  0.22088  0.94996
 0.18191  0.69950  0.99999  1.00000
 0.15201  0.62744  0.99995  1.00000
 0.00797  0.04679  0.38070  0.99682
 0.02054  0.11687  0.71145  1.00000
