# Times: 0.167 1.0 10.0 120.0
 0.13744  0.58743  0.99986  1.00000
 0.01763  0.10103  0.65529  1.00000
 0.17465  0.68316  0.99999  1.00000
 0.20849  0.75341  1.00000  1.00000
 0.97208  1.00000  1.00000  1.00000
 0.79347  0.99992  1.00000  1.00000
 0.98779  1.00000  1.00000  1.00000
 0.54737  0.99132  1.00000  1.00000
 0.00714  0.04203  0.34907  0.99421
 0.19029  0.71746  1.00000  1.00000
 0.00029  0.00171  0.01700  0.18600
 0.00002  0.00010  0.00101  0.01203
 0.00000  0.00000  0.00005  0.00057
 0.00010  0.00058  0.00578  0.06715
 0.00207  0.01231  0.11651  0.77383
 0.73451  0.99964  1.00000  1.00000
 0.99009  1.00000  1.00000  1.00000
 0.02672  0.14972  0.80248  1.00000
 0.00199  0.01186  0.11248  0.76114
 0.07831  0.38633  0.99243  1.00000
 0.00124  0.00743  0.07182  0.59113
 0.09309  0.44295  0.99712  1.00000
 0.00081  0.00484  0.04736  0.44132
 0.14333  0.60400  0.99991  1.00000
 0.00012  0.00069  0.00690  0.07968
 0.00005  0.00030  0.00303  0.03573
 0.01193  0.06935  0.51263  0.99982
 0.18760  0.71180  1.00000  1.00000
 0.26280  0.83890  1.00000  1.00000
 1.00000  1.00000  1.00000  1.00000
 0.96856  1.00000  1.00000  1.00000
 0.43867  0.96850  1.00000  1.00000
 0.00160  0.00957  0.09166  0.68450
 0.19652  0.73023  1.00000  1.00000
 0.35417  0.92706  1.00000  1.00000
 0.00177  0.01054  0.10051  0.71948
 0.00462  0.02735  0.24217  0.96412
 0.15851  0.64422  0.99997  1.00000
 0.14052  0.59616  0.99988  1.00000
 0.00824  0.04835  0.39076  0.99739
 0.03007  0.16711  0.83935  1.00000
