# Times: 0.167 1.0 10.0 120.0
 0.13426  0.57822  0.99982  1.00000
 0.02616  0.14676  0.79549  1.00000
 0.12153  0.53971  0.99957  1.00000
 0.16950  0.67113  0.99999  1.00000
 0.99999  1.00000  1.00000  1.00000
 0.87983  1.00000  1.00000  1.00000
 0.75172  0.99976  1.00000  1.00000
 0.67951  0.99890  1.00000  1.00000
 0.01195  0.06945  0.51316  0.99982
 0.21921  0.77275  1.00000  1.00000
 0.00036  0.00214  0.02115  0.22623
 0.00002  0.00013  0.00131  0.01562
 0.00000  0.00001  0.00006  0.00078
 0.00008  0.00050  0.00496  0.05790
 0.00178  0.01059  0.10103  0.72142
 0.71877  0.99950  1.00000  1.00000
 0.85715  0.99999  1.00000  1.00000
 0.02981  0.16577  0.83675  1.00000
 0.00419  0.02484  0.22238  0.95111
 0.14405  0.60600  0.99991  1.00000
 0.00171  0.01017  0.09720  0.70683
 0.12330  0.54524  0.99962  1.00000
 0.00083  0.00499  0.04875  0.45106
 0.20137  0.73984  1.00000  1.00000
 0.00036  0.00214  0.02119  0.22669
 0.00186  0.01111  0.10571  0.73833
 0.13120  0.56923  0.99978  1.00000
 0.72024  0.99951  1.00000  1.00000
 0.24356  0.81202  1.00000  1.00000
 1.00000  1.00000  1.00000  1.00000
 0.75908  0.99980  1.00000  1.00000
 0.09992  0.46759  0.99817  1.00000
 0.00108  0.00642  0.06238  0.53835
 0.32388  0.90402  1.00000  1.00000
 0.44605  0.97090  1.00000  1.00000
 0.00208  0.01241  0.11738  0.77650
 0.00735  0.04321  0.35710  0.99501
 0.08386  0.40814  0.99473  1.00000
 0.09237  0.44028  0.99698  1.00000
 0.00386  0.02291  0.20683  0.93800
 0.02079  0.11821  0.71579  1.00000
