# Times: 0.167 1.0 10.0 120.0
 0.05846  0.30282  0.97287  1.00000
 0.01482  0.08555  0.59110  0.99998
 0.23859  0.80451  1.00000  1.00000
 0.16281  0.65497  0.99998  1.00000
 0.99808  1.00000  1.00000  1.00000
 0.96565  1.00000  1.00000  1.00000
 0.91120  1.00000  1.00000  1.00000
 0.34753  0.92245  1.00000  1.00000
 0.02509  0.14115  0.78164  1.00000
 0.20542  0.74764  1.00000  1.00000
 0.00037  0.00222  0.02196  0.23390
 0.00002  0.00009  0.00094  0.01126
 0.00000  0.00001  0.00007  0.00082
 0.00008  0.00050  0.00501  0.05847
 0.00207  0.01235  0.11685  0.77487
 0.71857  0.99950  1.00000  1.00000
 0.87695  1.00000  1.00000  1.00000
 0.02303  0.13024  0.75226  1.00000
 0.00536  0.03164  0.27497  0.97890
 0.05815  0.30143  0.97233  1.00000
 0.00227  0.01354  0.12746  0.80528
 0.07228  0.36189  0.98881  1.00000
 0.00115  0.00686  0.06650  0.56208
 0.13715  0.58660  0.99985  1.00000
 0.00019  0.00116  0.01152  0.12979
 0.00048  0.00286  0.02827  0.29116
 0.31116  0.89269  1.00000  1.00000
 0.89269  1.00000  1.00000  1.00000
 0.22799  0.78763  1.00000  1.00000
 1.00000  1.00000  1.00000  1.00000
 0.75141  0.99976  1.00000  1.00000
 0.34800  0.92278  1.00000  1.00000
 0.00129  0.00769  0.07425  0.60381
 0.06259  0.32094  0.97915  1.00000
 0.24095  0.80810  1.00000  1.00000
 0.00082  0.00488  0.04777  0.44423
 0.00334  0.01982  0.18139  0.90944
 0.09667  0.45600  0.99773  1.00000
 0.08984  0.43089  0.99644  1.00000
 0.00258  0.01537  0.14348  0.84409
 0.00371  0.02199  0.19939  0.93065
