# Times: 0.167 1.0 10.0 120.0
 0.05965  0.30807  0.97485  1.00000
 0.01519  0.08758  0.60011  0.99998
 0.23520  0.79924  1.00000  1.00000
 0.16256  0.65435  0.99998  1.00000
 0.99810  1.00000  1.00000  1.00000
 0.96436  1.00000  1.00000  1.00000
 0.91012  1.00000  1.00000  1.00000
 0.35369  0.92673  1.00000  1.00000
 0.02449  0.13797  0.77343  1.00000
 0.20520  0.74721  1.00000  1.00000
 0.00037  0.00221  0.02193  0.23363
 0.00002  0.00009  0.00094  0.01124
 0.00000  0.00001  0.00007  0.00082
 0.00008  0.00050  0.00502  0.05857
 0.00206  0.01229  0.11628  0.77312
 0.71895  0.99950  1.00000  1.00000
 0.87544  1.00000  1.00000  1.00000
 0.02315  0.13088  0.75408  1.00000
 0.00534  0.03155  0.27430  0.97866
 0.05868  0.30378  0.97324  1.00000
 0.00226  0.01346  0.12672  0.80327
 0.07312  0.36533  0.98940  1.00000
 0.00114  0.00684  0.06629  0.56092
 0.13790  0.58873  0.99986  1.00000
 0.00019  0.00116  0.01156  0.13020
 0.00048  0.00286  0.02827  0.29120
 0.29737  0.87916  1.00000  1.00000
 0.88369  1.00000  1.00000  1.00000
 0.22597  0.78428  1.00000  1.00000
 1.00000  1.00000  1.00000  1.00000
 0.75174  0.99976  1.00000  1.00000
 0.34092  0.91762  1.00000  1.00000
 0.00129  0.00767  0.07411  0.60309
 0.06427  0.32820  0.98128  1.00000
 0.24315  0.81142  1.00000  1.00000
 0.00083  0.00498  0.04872  0.45087
 0.00336  0.01997  0.18269  0.91115
 0.09637  0.45490  0.99768  1.00000
 0.08962  0.43008  0.99638  1.00000
 0.00259  0.01542  0.14389  0.84498
 0.00379  0.02246  0.20319  0.93449
