# Times: 0.167 1.0 10.0 120.0
 0.05830  0.30209  0.97258  1.00000
 0.01477  0.08527  0.58984  0.99998
 0.23905  0.80522  1.00000  1.00000
 0.16285  0.65505  0.99998  1.00000
 0.99808  1.00000  1.00000  1.00000
 0.96582  1.00000  1.00000  1.00000
 0.91135  1.00000  1.00000  1.00000
 0.34670  0.92186  1.00000  1.00000
 0.02517  0.14159  0.78276  1.00000
 0.20545  0.74769  1.00000  1.00000
 0.00037  0.00222  0.02196  0.23393
 0.00002  0.00009  0.00094  0.01127
 0.00000  0.00001  0.00007  0.00082
 0.00008  0.00050  0.00501  0.05846
 0.00207  0.01236  0.11692  0.77511
 0.71851  0.99949  1.00000  1.00000
 0.87715  1.00000  1.00000  1.00000
 0.02302  0.13015  0.75200  1.00000
 0.00536  0.03165  0.27506  0.97893
 0.05808  0.30111  0.97220  1.00000
 0.00228  0.01355  0.12757  0.80556
 0.07216  0.36142  0.98872  1.00000
 0.00115  0.00686  0.06653  0.56225
 0.13705  0.58630  0.99985  1.00000
 0.00019  0.00116  0.01151  0.12973
 0.00048  0.00286  0.02827  0.29114
 0.31308  0.89446  1.00000  1.00000
 0.89389  1.00000  1.00000  1.00000
 0.22828  0.78810  1.00000  1.00000
 1.00000  1.00000  1.00000  1.00000
 0.75134  0.99976  1.00000  1.00000
 0.34897  0.92347  1.00000  1.00000
 0.00129  0.00769  0.07427  0.60392
 0.06237  0.31996  0.97885  1.00000
 0.24064  0.80764  1.00000  1.00000
 0.00081  0.00487  0.04764  0.44332
 0.00333  0.01979  0.18121  0.90920
 0.09672  0.45615  0.99774  1.00000
 0.08987  0.43100  0.99644  1.00000
 0.00258  0.01536  0.14342  0.84397
 0.00370  0.02193  0.19889  0.93013
