# Times: 0.167 1.0 10.0 120.0
 0.07749  0.38307  0.99201  1.00000
 0.02034  0.11578  0.70786  1.00000
 0.19226  0.72155  1.00000  1.00000
 0.16126  0.65113  0.99997  1.00000
 0.99906  1.00000  1.00000  1.00000
 0.94943  1.00000  1.00000  1.00000
 0.89077  1.00000  1.00000  1.00000
 0.44279  0.96986  1.00000  1.00000
 0.01869  0.10681  0.67682  1.00000
 0.20284  0.74269  1.00000  1.00000
 0.00036  0.00216  0.02140  0.22860
 0.00002  0.00009  0.00092  0.01104
 0.00000  0.00001  0.00007  0.00081
 0.00009  0.00051  0.00513  0.05985
 0.00193  0.01148  0.10907  0.74988
 0.72314  0.99954  1.00000  1.00000
 0.85126  0.99999  1.00000  1.00000
 0.02458  0.13844  0.77466  1.00000
 0.00513  0.03031  0.26496  0.97513
 0.06810  0.34449  0.98535  1.00000
 0.00207  0.01235  0.11684  0.77484
 0.08549  0.41443  0.99526  1.00000
 0.00110  0.00659  0.06394  0.54745
 0.14973  0.62140  0.99994  1.00000
 0.00021  0.00128  0.01276  0.14277
 0.00059  0.00350  0.03449  0.34369
 0.18075  0.69693  0.99999  1.00000
 0.77221  0.99986  1.00000  1.00000
 0.20898  0.75434  1.00000  1.00000
 1.00000  1.00000  1.00000  1.00000
 0.73795  0.99967  1.00000  1.00000
 0.24112  0.80837  1.00000  1.00000
 0.00126  0.00751  0.07265  0.59552
 0.09679  0.45642  0.99775  1.00000
 0.27630  0.85578  1.00000  1.00000
 0.00114  0.00678  0.06576  0.55791
 0.00384  0.02277  0.20576  0.93698
 0.09365  0.44500  0.99723  1.00000
 0.08725  0.42113  0.99577  1.00000
 0.00276  0.01644  0.15274  0.86317
 0.00559  0.03303  0.28531  0.98224
