# Times: 0.167 1.0 10.0 120.0
 0.07496  0.37284  0.99059  1.00000
 0.01967  0.11217  0.69571  1.00000
 0.19703  0.73125  1.00000  1.00000
 0.16114  0.65082  0.99997  1.00000
 0.99886  1.00000  1.00000  1.00000
 0.95066  1.00000  1.00000  1.00000
 0.89386  1.00000  1.00000  1.00000
 0.43160  0.96605  1.00000  1.00000
 0.01917  0.10945  0.68625  1.00000
 0.20299  0.74299  1.00000  1.00000
 0.00036  0.00217  0.02148  0.22941
 0.00002  0.00009  0.00092  0.01104
 0.00000  0.00001  0.00007  0.00081
 0.00009  0.00051  0.00512  0.05972
 0.00194  0.01158  0.10992  0.75274
 0.72290  0.99954  1.00000  1.00000
 0.85471  0.99999  1.00000  1.00000
 0.02442  0.13758  0.77239  1.00000
 0.00515  0.03046  0.26610  0.97558
 0.06656  0.33797  0.98383  1.00000
 0.00210  0.01248  0.11805  0.77851
 0.08382  0.40799  0.99471  1.00000
 0.00111  0.00661  0.06420  0.54899
 0.14790  0.61648  0.99993  1.00000
 0.00021  0.00126  0.01248  0.13991
 0.00055  0.00330  0.03249  0.32725
 0.18803  0.71271  1.00000  1.00000
 0.78220  0.99989  1.00000  1.00000
 0.21007  0.75636  1.00000  1.00000
 1.00000  1.00000  1.00000  1.00000
 0.74095  0.99969  1.00000  1.00000
 0.25345  0.82628  1.00000  1.00000
 0.00126  0.00754  0.07285  0.59656
 0.09159  0.43740  0.99682  1.00000
 0.27163  0.85012  1.00000  1.00000
 0.00109  0.00650  0.06317  0.54299
 0.00376  0.02231  0.20195  0.93326
 0.09383  0.44566  0.99726  1.00000
 0.08748  0.42198  0.99584  1.00000
 0.00273  0.01626  0.15122  0.86018
 0.00525  0.03103  0.27039  0.97724
