# Times: 0.167 1.0 10.0 120.0
 0.06057  0.31213  0.97628  1.00000
 0.01548  0.08917  0.60700  0.99999
 0.23253  0.79500  1.00000  1.00000
 0.16238  0.65390  0.99998  1.00000
 0.99812  1.00000  1.00000  1.00000
 0.96332  1.00000  1.00000  1.00000
 0.90925  1.00000  1.00000  1.00000
 0.35864  0.93003  1.00000  1.00000
 0.02403  0.13554  0.76695  1.00000
 0.20502  0.74688  1.00000  1.00000
 0.00037  0.00221  0.02191  0.23342
 0.00002  0.00009  0.00094  0.01122
 0.00000  0.00001  0.00007  0.00082
 0.00008  0.00050  0.00502  0.05865
 0.00205  0.01224  0.11584  0.77176
 0.71927  0.99950  1.00000  1.00000
 0.87424  1.00000  1.00000  1.00000
 0.02325  0.13137  0.75546  1.00000
 0.00533  0.03148  0.27377  0.97848
 0.05910  0.30565  0.97395  1.00000
 0.00225  0.01339  0.12613  0.80169
 0.07378  0.36803  0.98984  1.00000
 0.00114  0.00682  0.06613  0.56003
 0.13848  0.59038  0.99987  1.00000
 0.00019  0.00116  0.01159  0.13052
 0.00048  0.00286  0.02827  0.29119
 0.28680  0.86787  1.00000  1.00000
 0.87635  1.00000  1.00000  1.00000
 0.22446  0.78175  1.00000  1.00000
 1.00000  1.00000  1.00000  1.00000
 0.75181  0.99976  1.00000  1.00000
 0.33534  0.91336  1.00000  1.00000
 0.00128  0.00766  0.07401  0.60256
 0.06564  0.33405  0.98284  1.00000
 0.24489  0.81399  1.00000  1.00000
 0.00085  0.00506  0.04949  0.45617
 0.00338  0.02010  0.18373  0.91250
 0.09614  0.45408  0.99765  1.00000
 0.08946  0.42948  0.99635  1.00000
 0.00260  0.01545  0.14423  0.84573
 0.00385  0.02284  0.20630  0.93750
