# Times: 0.167 1.0 10.0 120.0
 0.05872  0.30396  0.97331  1.00000
 0.01490  0.08599  0.59307  0.99998
 0.23786  0.80339  1.00000  1.00000
 0.16276  0.65483  0.99998  1.00000
 0.99809  1.00000  1.00000  1.00000
 0.96538  1.00000  1.00000  1.00000
 0.91097  1.00000  1.00000  1.00000
 0.34884  0.92338  1.00000  1.00000
 0.02496  0.14046  0.77988  1.00000
 0.20537  0.74755  1.00000  1.00000
 0.00037  0.00222  0.02195  0.23384
 0.00002  0.00009  0.00094  0.01126
 0.00000  0.00001  0.00007  0.00082
 0.00008  0.00050  0.00501  0.05849
 0.00207  0.01233  0.11672  0.77449
 0.71865  0.99950  1.00000  1.00000
 0.87662  1.00000  1.00000  1.00000
 0.02306  0.13038  0.75266  1.00000
 0.00535  0.03162  0.27482  0.97885
 0.05826  0.30194  0.97252  1.00000
 0.00227  0.01352  0.12730  0.80485
 0.07246  0.36263  0.98894  1.00000
 0.00115  0.00685  0.06645  0.56183
 0.13731  0.58706  0.99986  1.00000
 0.00019  0.00116  0.01153  0.12988
 0.00048  0.00286  0.02827  0.29118
 0.30817  0.88987  1.00000  1.00000
 0.89079  1.00000  1.00000  1.00000
 0.22754  0.78690  1.00000  1.00000
 1.00000  1.00000  1.00000  1.00000
 0.75151  0.99976  1.00000  1.00000
 0.34648  0.92170  1.00000  1.00000
 0.00129  0.00768  0.07422  0.60365
 0.06295  0.32249  0.97962  1.00000
 0.24142  0.80882  1.00000  1.00000
 0.00082  0.00490  0.04797  0.44565
 0.00334  0.01985  0.18167  0.90981
 0.09660  0.45575  0.99772  1.00000
 0.08979  0.43071  0.99642  1.00000
 0.00258  0.01538  0.14356  0.84428
 0.00372  0.02209  0.20019  0.93148
