# Times: 0.167 1.0 10.0 120.0
 0.06996  0.35229  0.98700  1.00000
 0.01829  0.10466  0.66897  1.00000
 0.20751  0.75160  1.00000  1.00000
 0.16122  0.65103  0.99997  1.00000
 0.99847  1.00000  1.00000  1.00000
 0.95378  1.00000  1.00000  1.00000
 0.89956  1.00000  1.00000  1.00000
 0.40857  0.95693  1.00000  1.00000
 0.02036  0.11591  0.70827  1.00000
 0.20347  0.74391  1.00000  1.00000
 0.00037  0.00219  0.02165  0.23096
 0.00002  0.00009  0.00093  0.01107
 0.00000  0.00001  0.00007  0.00081
 0.00009  0.00051  0.00509  0.05941
 0.00198  0.01178  0.11175  0.75876
 0.72207  0.99953  1.00000  1.00000
 0.86151  0.99999  1.00000  1.00000
 0.02406  0.13571  0.76741  1.00000
 0.00521  0.03078  0.26852  0.97653
 0.06378  0.32607  0.98067  1.00000
 0.00214  0.01277  0.12060  0.78608
 0.08047  0.39490  0.99342  1.00000
 0.00112  0.00667  0.06477  0.55225
 0.14448  0.60717  0.99991  1.00000
 0.00020  0.00121  0.01205  0.13536
 0.00050  0.00301  0.02973  0.30380
 0.20842  0.75329  1.00000  1.00000
 0.80688  0.99995  1.00000  1.00000
 0.21328  0.76223  1.00000  1.00000
 1.00000  1.00000  1.00000  1.00000
 0.74636  0.99973  1.00000  1.00000
 0.27978  0.85988  1.00000  1.00000
 0.00127  0.00757  0.07321  0.59841
 0.08184  0.40029  0.99398  1.00000
 0.26254  0.83856  1.00000  1.00000
 0.00100  0.00598  0.05820  0.51304
 0.00362  0.02148  0.19519  0.92615
 0.09438  0.44767  0.99736  1.00000
 0.08804  0.42413  0.99599  1.00000
 0.00268  0.01595  0.14854  0.85480
 0.00468  0.02770  0.24487  0.96562
