# Times: 0.167 1.0 10.0 120.0
 0.05988  0.30909  0.97521  1.00000
 0.01526  0.08798  0.60185  0.99998
 0.23453  0.79819  1.00000  1.00000
 0.16252  0.65424  0.99998  1.00000
 0.99811  1.00000  1.00000  1.00000
 0.96411  1.00000  1.00000  1.00000
 0.90990  1.00000  1.00000  1.00000
 0.35492  0.92756  1.00000  1.00000
 0.02437  0.13736  0.77181  1.00000
 0.20515  0.74713  1.00000  1.00000
 0.00037  0.00221  0.02192  0.23357
 0.00002  0.00009  0.00094  0.01124
 0.00000  0.00001  0.00007  0.00082
 0.00008  0.00050  0.00502  0.05859
 0.00206  0.01227  0.11617  0.77278
 0.71903  0.99950  1.00000  1.00000
 0.87514  1.00000  1.00000  1.00000
 0.02318  0.13100  0.75443  1.00000
 0.00534  0.03154  0.27417  0.97862
 0.05878  0.30425  0.97342  1.00000
 0.00226  0.01344  0.12657  0.80288
 0.07328  0.36601  0.98951  1.00000
 0.00114  0.00683  0.06625  0.56069
 0.13804  0.58915  0.99986  1.00000
 0.00019  0.00116  0.01156  0.13028
 0.00048  0.00286  0.02827  0.29120
 0.29470  0.87639  1.00000  1.00000
 0.88187  1.00000  1.00000  1.00000
 0.22558  0.78364  1.00000  1.00000
 1.00000  1.00000  1.00000  1.00000
 0.75177  0.99976  1.00000  1.00000
 0.33953  0.91658  1.00000  1.00000
 0.00128  0.00767  0.07409  0.60295
 0.06461  0.32965  0.98168  1.00000
 0.24358  0.81206  1.00000  1.00000
 0.00084  0.00500  0.04891  0.45219
 0.00337  0.02000  0.18295  0.91149
 0.09631  0.45469  0.99767  1.00000
 0.08958  0.42993  0.99638  1.00000
 0.00259  0.01542  0.14397  0.84517
 0.00380  0.02255  0.20395  0.93525
