# Times: 0.167 1.0 10.0 120.0
 0.06754  0.34213  0.98482  1.00000
 0.01759  0.10083  0.65452  1.00000
 0.21329  0.76224  1.00000  1.00000
 0.16140  0.65146  0.99997  1.00000
 0.99833  1.00000  1.00000  1.00000
 0.95578  1.00000  1.00000  1.00000
 0.90218  1.00000  1.00000  1.00000
 0.39652  0.95141  1.00000  1.00000
 0.02110  0.11990  0.72119  1.00000
 0.20380  0.74453  1.00000  1.00000
 0.00037  0.00219  0.02172  0.23166
 0.00002  0.00009  0.00093  0.01110
 0.00000  0.00001  0.00007  0.00082
 0.00008  0.00051  0.00508  0.05923
 0.00200  0.01189  0.11272  0.76190
 0.72148  0.99953  1.00000  1.00000
 0.86481  0.99999  1.00000  1.00000
 0.02387  0.13471  0.76469  1.00000
 0.00524  0.03095  0.26979  0.97702
 0.06252  0.32061  0.97905  1.00000
 0.00217  0.01292  0.12193  0.78994
 0.07879  0.38825  0.99266  1.00000
 0.00112  0.00671  0.06508  0.55402
 0.14289  0.60279  0.99990  1.00000
 0.00020  0.00120  0.01189  0.13369
 0.00049  0.00293  0.02893  0.29692
 0.22270  0.77877  1.00000  1.00000
 0.82201  0.99997  1.00000  1.00000
 0.21543  0.76609  1.00000  1.00000
 1.00000  1.00000  1.00000  1.00000
 0.74854  0.99974  1.00000  1.00000
 0.29350  0.87512  1.00000  1.00000
 0.00127  0.00759  0.07338  0.59931
 0.07736  0.38252  0.99194  1.00000
 0.25808  0.83262  1.00000  1.00000
 0.00096  0.00573  0.05585  0.49827
 0.00356  0.02111  0.19212  0.92270
 0.09474  0.44898  0.99742  1.00000
 0.08837  0.42536  0.99607  1.00000
 0.00266  0.01581  0.14734  0.85233
 0.00444  0.02629  0.23387  0.95911
