# Times: 0.167 1.0 10.0 120.0
 0.05918  0.30602  0.97409  1.00000
 0.01505  0.08679  0.59661  0.99998
 0.23653  0.80133  1.00000  1.00000
 0.16266  0.65459  0.99998  1.00000
 0.99810  1.00000  1.00000  1.00000
 0.96488  1.00000  1.00000  1.00000
 0.91054  1.00000  1.00000  1.00000
 0.35125  0.92506  1.00000  1.00000
 0.02472  0.13921  0.77666  1.00000
 0.20528  0.74738  1.00000  1.00000
 0.00037  0.00222  0.02194  0.23373
 0.00002  0.00009  0.00094  0.01125
 0.00000  0.00001  0.00007  0.00082
 0.00008  0.00050  0.00501  0.05853
 0.00207  0.01231  0.11650  0.77380
 0.71880  0.99950  1.00000  1.00000
 0.87603  1.00000  1.00000  1.00000
 0.02311  0.13063  0.75337  1.00000
 0.00535  0.03159  0.27456  0.97876
 0.05847  0.30286  0.97288  1.00000
 0.00227  0.01349  0.12701  0.80406
 0.07279  0.36398  0.98917  1.00000
 0.00115  0.00684  0.06637  0.56137
 0.13761  0.58790  0.99986  1.00000
 0.00019  0.00116  0.01154  0.13004
 0.00048  0.00286  0.02827  0.29120
 0.30275  0.88460  1.00000  1.00000
 0.88727  1.00000  1.00000  1.00000
 0.22675  0.78558  1.00000  1.00000
 1.00000  1.00000  1.00000  1.00000
 0.75165  0.99976  1.00000  1.00000
 0.34370  0.91968  1.00000  1.00000
 0.00129  0.00768  0.07417  0.60337
 0.06361  0.32532  0.98046  1.00000
 0.24228  0.81012  1.00000  1.00000
 0.00083  0.00494  0.04835  0.44825
 0.00335  0.01991  0.18217  0.91048
 0.09648  0.45532  0.99770  1.00000
 0.08971  0.43040  0.99640  1.00000
 0.00259  0.01540  0.14372  0.84462
 0.00375  0.02227  0.20167  0.93299
