# Times: 0.167 1.0 10.0 120.0
 0.14868  0.61859  0.99993  1.00000
 0.02467  0.13894  0.77594  1.00000
 0.11110  0.50599  0.99913  1.00000
 0.16441  0.65889  0.99998  1.00000
 0.99999  1.00000  1.00000  1.00000
 0.84021  0.99998  1.00000  1.00000
 0.71780  0.99949  1.00000  1.00000
 0.74816  0.99974  1.00000  1.00000
 0.01033  0.06030  0.46308  0.99943
 0.22824  0.78805  1.00000  1.00000
 0.00036  0.00218  0.02161  0.23061
 0.00003  0.00017  0.00173  0.02060
 0.00000  0.00001  0.00006  0.00074
 0.00008  0.00048  0.00480  0.05615
 0.00174  0.01035  0.09880  0.71301
 0.69886  0.99924  1.00000  1.00000
 0.93763  1.00000  1.00000  1.00000
 0.03083  0.17101  0.84672  1.00000
 0.00365  0.02164  0.19653  0.92762
 0.17004  0.67242  0.99999  1.00000
 0.00152  0.00906  0.08696  0.66438
 0.12685  0.55615  0.99970  1.00000
 0.00068  0.00407  0.03998  0.38713
 0.22201  0.77758  1.00000  1.00000
 0.00040  0.00240  0.02370  0.25015
 0.00238  0.01417  0.13303  0.81968
 0.13391  0.57721  0.99982  1.00000
 0.73229  0.99963  1.00000  1.00000
 0.25926  0.83421  1.00000  1.00000
 1.00000  1.00000  1.00000  1.00000
 0.79756  0.99993  1.00000  1.00000
 0.07755  0.38329  0.99204  1.00000
 0.00098  0.00584  0.05687  0.50474
 0.43381  0.96683  1.00000  1.00000
 0.50819  0.98573  1.00000  1.00000
 0.00204  0.01214  0.11496  0.76904
 0.00873  0.05114  0.40841  0.99816
 0.07822  0.38598  0.99238  1.00000
 0.09646  0.45525  0.99770  1.00000
 0.00408  0.02416  0.21692  0.94683
 0.02576  0.14468  0.79045  1.00000
