# Times: 0.167 1.0 10.0 120.0
 0.06034  0.31112  0.97593  1.00000
 0.01540  0.08877  0.60529  0.99999
 0.23320  0.79607  1.00000  1.00000
 0.16243  0.65401  0.99998  1.00000
 0.99812  1.00000  1.00000  1.00000
 0.96358  1.00000  1.00000  1.00000
 0.90946  1.00000  1.00000  1.00000
 0.35740  0.92921  1.00000  1.00000
 0.02414  0.13614  0.76857  1.00000
 0.20506  0.74696  1.00000  1.00000
 0.00037  0.00221  0.02191  0.23347
 0.00002  0.00009  0.00094  0.01123
 0.00000  0.00001  0.00007  0.00082
 0.00008  0.00050  0.00502  0.05863
 0.00206  0.01225  0.11595  0.77210
 0.71919  0.99950  1.00000  1.00000
 0.87454  1.00000  1.00000  1.00000
 0.02322  0.13125  0.75512  1.00000
 0.00533  0.03150  0.27390  0.97852
 0.05899  0.30518  0.97378  1.00000
 0.00225  0.01341  0.12628  0.80209
 0.07361  0.36736  0.98973  1.00000
 0.00114  0.00682  0.06617  0.56025
 0.13833  0.58997  0.99987  1.00000
 0.00019  0.00116  0.01158  0.13044
 0.00048  0.00286  0.02827  0.29120
 0.28942  0.87074  1.00000  1.00000
 0.87820  1.00000  1.00000  1.00000
 0.22483  0.78238  1.00000  1.00000
 1.00000  1.00000  1.00000  1.00000
 0.75181  0.99976  1.00000  1.00000
 0.33674  0.91444  1.00000  1.00000
 0.00128  0.00766  0.07404  0.60269
 0.06529  0.33257  0.98246  1.00000
 0.24445  0.81335  1.00000  1.00000
 0.00084  0.00504  0.04930  0.45484
 0.00338  0.02006  0.18347  0.91216
 0.09620  0.45428  0.99766  1.00000
 0.08950  0.42963  0.99636  1.00000
 0.00260  0.01544  0.14414  0.84554
 0.00383  0.02274  0.20551  0.93675
