# Times: 0.167 1.0 10.0 120.0
 0.08254  0.40301  0.99425  1.00000
 0.02159  0.12254  0.72942  1.00000
 0.18345  0.70287  0.99999  1.00000
 0.16191  0.65273  0.99997  1.00000
 0.99942  1.00000  1.00000  1.00000
 0.94723  1.00000  1.00000  1.00000
 0.88415  1.00000  1.00000  1.00000
 0.46485  0.97634  1.00000  1.00000
 0.01786  0.10227  0.66003  1.00000
 0.20272  0.74245  1.00000  1.00000
 0.00036  0.00214  0.02123  0.22703
 0.00002  0.00009  0.00093  0.01107
 0.00000  0.00001  0.00007  0.00081
 0.00009  0.00052  0.00515  0.06007
 0.00190  0.01131  0.10750  0.74457
 0.72334  0.99954  1.00000  1.00000
 0.84440  0.99999  1.00000  1.00000
 0.02488  0.14002  0.77874  1.00000
 0.00508  0.03004  0.26286  0.97426
 0.07156  0.35894  0.98828  1.00000
 0.00203  0.01210  0.11458  0.76785
 0.08881  0.42702  0.99619  1.00000
 0.00109  0.00653  0.06341  0.54438
 0.15361  0.63163  0.99995  1.00000
 0.00023  0.00135  0.01341  0.14952
 0.00067  0.00403  0.03956  0.38394
 0.16972  0.67166  0.99999  1.00000
 0.75578  0.99978  1.00000  1.00000
 0.20780  0.75212  1.00000  1.00000
 1.00000  1.00000  1.00000  1.00000
 0.73210  0.99962  1.00000  1.00000
 0.21869  0.77186  1.00000  1.00000
 0.00125  0.00746  0.07218  0.59304
 0.10777  0.49482  0.99892  1.00000
 0.28601  0.86698  1.00000  1.00000
 0.00123  0.00734  0.07107  0.58713
 0.00402  0.02385  0.21443  0.94477
 0.09348  0.44439  0.99720  1.00000
 0.08695  0.41998  0.99569  1.00000
 0.00283  0.01685  0.15631  0.86993
 0.00643  0.03789  0.32038  0.99029
