# Times: 0.167 1.0 10.0 120.0
 0.05942  0.30705  0.97447  1.00000
 0.01512  0.08718  0.59837  0.99998
 0.23587  0.80029  1.00000  1.00000
 0.16261  0.65447  0.99998  1.00000
 0.99810  1.00000  1.00000  1.00000
 0.96462  1.00000  1.00000  1.00000
 0.91033  1.00000  1.00000  1.00000
 0.35246  0.92589  1.00000  1.00000
 0.02461  0.13859  0.77505  1.00000
 0.20524  0.74730  1.00000  1.00000
 0.00037  0.00222  0.02194  0.23368
 0.00002  0.00009  0.00094  0.01125
 0.00000  0.00001  0.00007  0.00082
 0.00008  0.00050  0.00502  0.05855
 0.00206  0.01230  0.11639  0.77346
 0.71888  0.99950  1.00000  1.00000
 0.87574  1.00000  1.00000  1.00000
 0.02313  0.13076  0.75373  1.00000
 0.00534  0.03157  0.27443  0.97871
 0.05857  0.30332  0.97306  1.00000
 0.00226  0.01347  0.12686  0.80367
 0.07295  0.36465  0.98928  1.00000
 0.00115  0.00684  0.06633  0.56114
 0.13775  0.58832  0.99986  1.00000
 0.00019  0.00116  0.01155  0.13012
 0.00048  0.00286  0.02827  0.29120
 0.30005  0.88190  1.00000  1.00000
 0.88549  1.00000  1.00000  1.00000
 0.22636  0.78493  1.00000  1.00000
 1.00000  1.00000  1.00000  1.00000
 0.75170  0.99976  1.00000  1.00000
 0.34231  0.91866  1.00000  1.00000
 0.00129  0.00767  0.07414  0.60323
 0.06394  0.32676  0.98087  1.00000
 0.24272  0.81077  1.00000  1.00000
 0.00083  0.00496  0.04854  0.44956
 0.00336  0.01994  0.18243  0.91081
 0.09643  0.45511  0.99769  1.00000
 0.08967  0.43024  0.99639  1.00000
 0.00259  0.01541  0.14380  0.84480
 0.00377  0.02236  0.20243  0.93374
