# Times: 0.167 1.0 10.0 120.0
 0.08003  0.39315  0.99323  1.00000
 0.02098  0.11925  0.71912  1.00000
 0.18775  0.71211  1.00000  1.00000
 0.16152  0.65176  0.99997  1.00000
 0.99925  1.00000  1.00000  1.00000
 0.94831  1.00000  1.00000  1.00000
 0.88753  1.00000  1.00000  1.00000
 0.45385  0.97327  1.00000  1.00000
 0.01825  0.10444  0.66814  1.00000
 0.20275  0.74251  1.00000  1.00000
 0.00036  0.00215  0.02131  0.22781
 0.00002  0.00009  0.00093  0.01105
 0.00000  0.00001  0.00007  0.00081
 0.00009  0.00052  0.00514  0.05997
 0.00191  0.01139  0.10826  0.74716
 0.72328  0.99954  1.00000  1.00000
 0.84780  0.99999  1.00000  1.00000
 0.02473  0.13925  0.77677  1.00000
 0.00510  0.03017  0.26389  0.97469
 0.06976  0.35147  0.98684  1.00000
 0.00205  0.01222  0.11568  0.77128
 0.08716  0.42077  0.99575  1.00000
 0.00110  0.00656  0.06367  0.54593
 0.15164  0.62647  0.99995  1.00000
 0.00022  0.00131  0.01307  0.14600
 0.00063  0.00375  0.03686  0.36281
 0.17477  0.68344  0.99999  1.00000
 0.76346  0.99982  1.00000  1.00000
 0.20823  0.75293  1.00000  1.00000
 1.00000  1.00000  1.00000  1.00000
 0.73495  0.99965  1.00000  1.00000
 0.22951  0.79012  1.00000  1.00000
 0.00125  0.00749  0.07243  0.59436
 0.10219  0.47559  0.99843  1.00000
 0.28108  0.86139  1.00000  1.00000
 0.00118  0.00706  0.06840  0.57266
 0.00393  0.02328  0.20990  0.94082
 0.09353  0.44458  0.99721  1.00000
 0.08707  0.42045  0.99573  1.00000
 0.00280  0.01664  0.15444  0.86641
 0.00598  0.03531  0.30194  0.98661
