# Times: 0.167 1.0 10.0 120.0
 0.05841  0.30261  0.97279  1.00000
 0.01481  0.08547  0.59074  0.99998
 0.23872  0.80471  1.00000  1.00000
 0.16282  0.65499  0.99998  1.00000
 0.99808  1.00000  1.00000  1.00000
 0.96570  1.00000  1.00000  1.00000
 0.91124  1.00000  1.00000  1.00000
 0.34729  0.92228  1.00000  1.00000
 0.02512  0.14128  0.78197  1.00000
 0.20543  0.74765  1.00000  1.00000
 0.00037  0.00222  0.02196  0.23391
 0.00002  0.00009  0.00094  0.01127
 0.00000  0.00001  0.00007  0.00082
 0.00008  0.00050  0.00501  0.05847
 0.00207  0.01235  0.11687  0.77493
 0.71855  0.99950  1.00000  1.00000
 0.87700  1.00000  1.00000  1.00000
 0.02303  0.13021  0.75218  1.00000
 0.00536  0.03165  0.27499  0.97891
 0.05813  0.30134  0.97229  1.00000
 0.00228  0.01355  0.12749  0.80536
 0.07225  0.36175  0.98878  1.00000
 0.00115  0.00686  0.06650  0.56213
 0.13712  0.58651  0.99985  1.00000
 0.00019  0.00116  0.01152  0.12977
 0.00048  0.00286  0.02827  0.29115
 0.31171  0.89320  1.00000  1.00000
 0.89303  1.00000  1.00000  1.00000
 0.22807  0.78777  1.00000  1.00000
 1.00000  1.00000  1.00000  1.00000
 0.75139  0.99976  1.00000  1.00000
 0.34828  0.92298  1.00000  1.00000
 0.00129  0.00769  0.07426  0.60384
 0.06253  0.32066  0.97906  1.00000
 0.24086  0.80797  1.00000  1.00000
 0.00082  0.00488  0.04773  0.44397
 0.00334  0.01981  0.18134  0.90937
 0.09668  0.45604  0.99773  1.00000
 0.08985  0.43092  0.99644  1.00000
 0.00258  0.01537  0.14346  0.84406
 0.00370  0.02198  0.19925  0.93050
