# Times: 0.167 1.0 10.0 120.0
 0.14949  0.62075  0.99994  1.00000
 0.02434  0.13718  0.77133  1.00000
 0.11043  0.50378  0.99909  1.00000
 0.16347  0.65660  0.99998  1.00000
 1.00000  1.00000  1.00000  1.00000
 0.83434  0.99998  1.00000  1.00000
 0.71592  0.99947  1.00000  1.00000
 0.75716  0.99979  1.00000  1.00000
 0.01021  0.05959  0.45902  0.99937
 0.22898  0.78926  1.00000  1.00000
 0.00037  0.00219  0.02173  0.23175
 0.00003  0.00018  0.00178  0.02116
 0.00000  0.00001  0.00006  0.00074
 0.00008  0.00048  0.00480  0.05609
 0.00172  0.01027  0.09808  0.71026
 0.69356  0.99916  1.00000  1.00000
 0.94882  1.00000  1.00000  1.00000
 0.03059  0.16974  0.84436  1.00000
 0.00356  0.02114  0.19235  0.92297
 0.17307  0.67952  0.99999  1.00000
 0.00151  0.00898  0.08624  0.66117
 0.12600  0.55355  0.99969  1.00000
 0.00067  0.00400  0.03926  0.38160
 0.22413  0.78120  1.00000  1.00000
 0.00041  0.00244  0.02417  0.25441
 0.00247  0.01468  0.13749  0.83050
 0.13459  0.57920  0.99983  1.00000
 0.73420  0.99964  1.00000  1.00000
 0.26038  0.83571  1.00000  1.00000
 1.00000  1.00000  1.00000  1.00000
 0.80414  0.99994  1.00000  1.00000
 0.07659  0.37945  0.99153  1.00000
 0.00096  0.00574  0.05594  0.49885
 0.43915  0.96866  1.00000  1.00000
 0.51390  0.98669  1.00000  1.00000
 0.00200  0.01194  0.11317  0.76335
 0.00894  0.05238  0.41608  0.99843
 0.07757  0.38336  0.99205  1.00000
 0.09696  0.45703  0.99777  1.00000
 0.00409  0.02423  0.21753  0.94733
 0.02590  0.14539  0.79219  1.00000
