# Times: 0.167 1.0 10.0 120.0
 0.06518  0.33209  0.98233  1.00000
 0.01689  0.09697  0.63940  1.00000
 0.21943  0.77314  1.00000  1.00000
 0.16165  0.65208  0.99997  1.00000
 0.99822  1.00000  1.00000  1.00000
 0.95810  1.00000  1.00000  1.00000
 0.90465  1.00000  1.00000  1.00000
 0.38407  0.94508  1.00000  1.00000
 0.02196  0.12451  0.73546  1.00000
 0.20417  0.74525  1.00000  1.00000
 0.00037  0.00220  0.02179  0.23231
 0.00002  0.00009  0.00093  0.01113
 0.00000  0.00001  0.00007  0.00082
 0.00008  0.00051  0.00506  0.05904
 0.00201  0.01200  0.11372  0.76513
 0.72080  0.99952  1.00000  1.00000
 0.86804  0.99999  1.00000  1.00000
 0.02367  0.13365  0.76181  1.00000
 0.00527  0.03113  0.27110  0.97751
 0.06132  0.31541  0.97739  1.00000
 0.00220  0.01307  0.12330  0.79383
 0.07711  0.38154  0.99181  1.00000
 0.00113  0.00674  0.06541  0.55590
 0.14138  0.59857  0.99989  1.00000
 0.00020  0.00118  0.01176  0.13238
 0.00048  0.00289  0.02848  0.29300
 0.24049  0.80741  1.00000  1.00000
 0.83905  0.99998  1.00000  1.00000
 0.21799  0.77062  1.00000  1.00000
 1.00000  1.00000  1.00000  1.00000
 0.75025  0.99975  1.00000  1.00000
 0.30739  0.88913  1.00000  1.00000
 0.00128  0.00761  0.07357  0.60028
 0.07316  0.36549  0.98942  1.00000
 0.25365  0.82655  1.00000  1.00000
 0.00092  0.00550  0.05362  0.48381
 0.00350  0.02076  0.18921  0.91929
 0.09515  0.45049  0.99749  1.00000
 0.08871  0.42666  0.99616  1.00000
 0.00264  0.01568  0.14622  0.84999
 0.00422  0.02502  0.22383  0.95220
