# Times: 0.167 1.0 10.0 120.0
 0.05895  0.30499  0.97370  1.00000
 0.01497  0.08639  0.59484  0.99998
 0.23720  0.80236  1.00000  1.00000
 0.16271  0.65471  0.99998  1.00000
 0.99809  1.00000  1.00000  1.00000
 0.96513  1.00000  1.00000  1.00000
 0.91076  1.00000  1.00000  1.00000
 0.35004  0.92422  1.00000  1.00000
 0.02484  0.13983  0.77827  1.00000
 0.20533  0.74746  1.00000  1.00000
 0.00037  0.00222  0.02195  0.23378
 0.00002  0.00009  0.00094  0.01126
 0.00000  0.00001  0.00007  0.00082
 0.00008  0.00050  0.00501  0.05851
 0.00207  0.01232  0.11661  0.77414
 0.71872  0.99950  1.00000  1.00000
 0.87633  1.00000  1.00000  1.00000
 0.02308  0.13051  0.75302  1.00000
 0.00535  0.03161  0.27469  0.97880
 0.05837  0.30240  0.97271  1.00000
 0.00227  0.01351  0.12715  0.80446
 0.07262  0.36330  0.98905  1.00000
 0.00115  0.00685  0.06641  0.56160
 0.13746  0.58748  0.99986  1.00000
 0.00019  0.00116  0.01153  0.12996
 0.00048  0.00286  0.02827  0.29119
 0.30545  0.88725  1.00000  1.00000
 0.88904  1.00000  1.00000  1.00000
 0.22714  0.78624  1.00000  1.00000
 1.00000  1.00000  1.00000  1.00000
 0.75158  0.99976  1.00000  1.00000
 0.34509  0.92070  1.00000  1.00000
 0.00129  0.00768  0.07420  0.60351
 0.06328  0.32390  0.98004  1.00000
 0.24185  0.80947  1.00000  1.00000
 0.00082  0.00492  0.04816  0.44695
 0.00335  0.01988  0.18192  0.91014
 0.09654  0.45553  0.99771  1.00000
 0.08975  0.43055  0.99641  1.00000
 0.00259  0.01539  0.14364  0.84445
 0.00374  0.02218  0.20093  0.93223
