# Times: 0.167 1.0 10.0 120.0
 0.12349  0.54583  0.99963  1.00000
 0.02614  0.14669  0.79531  1.00000
 0.13101  0.56867  0.99978  1.00000
 0.17037  0.67319  0.99999  1.00000
 0.99999  1.00000  1.00000  1.00000
 0.90015  1.00000  1.00000  1.00000
 0.78490  0.99990  1.00000  1.00000
 0.63836  0.99774  1.00000  1.00000
 0.01304  0.07560  0.54438  0.99992
 0.21356  0.76274  1.00000  1.00000
 0.00036  0.00213  0.02107  0.22550
 0.00002  0.00012  0.00115  0.01373
 0.00000  0.00001  0.00007  0.00080
 0.00008  0.00051  0.00505  0.05892
 0.00179  0.01065  0.10158  0.72345
 0.71998  0.99951  1.00000  1.00000
 0.83690  0.99998  1.00000  1.00000
 0.02832  0.15806  0.82101  1.00000
 0.00452  0.02674  0.23741  0.96132
 0.12584  0.55307  0.99968  1.00000
 0.00181  0.01078  0.10273  0.72768
 0.11659  0.52399  0.99940  1.00000
 0.00092  0.00549  0.05352  0.48321
 0.18953  0.71588  1.00000  1.00000
 0.00033  0.00199  0.01968  0.21221
 0.00161  0.00960  0.09198  0.68585
 0.13314  0.57495  0.99981  1.00000
 0.71631  0.99947  1.00000  1.00000
 0.23283  0.79548  1.00000  1.00000
 1.00000  1.00000  1.00000  1.00000
 0.74304  0.99971  1.00000  1.00000
 0.11712  0.52569  0.99942  1.00000
 0.00112  0.00668  0.06479  0.55240
 0.25356  0.82642  1.00000  1.00000
 0.40478  0.95525  1.00000  1.00000
 0.00196  0.01168  0.11086  0.75587
 0.00657  0.03872  0.32622  0.99125
 0.08753  0.42217  0.99585  1.00000
 0.09012  0.43194  0.99650  1.00000
 0.00367  0.02179  0.19772  0.92890
 0.01738  0.09969  0.65012  1.00000
