# Times: 0.167 1.0 10.0 120.0
 0.07244  0.36256  0.98892  1.00000
 0.01899  0.10845  0.68272  1.00000
 0.20210  0.74126  1.00000  1.00000
 0.16113  0.65080  0.99997  1.00000
 0.99865  1.00000  1.00000  1.00000
 0.95209  1.00000  1.00000  1.00000
 0.89679  1.00000  1.00000  1.00000
 0.42023  0.96177  1.00000  1.00000
 0.01972  0.11245  0.69667  1.00000
 0.20321  0.74340  1.00000  1.00000
 0.00036  0.00218  0.02157  0.23020
 0.00002  0.00009  0.00093  0.01105
 0.00000  0.00001  0.00007  0.00081
 0.00009  0.00051  0.00511  0.05957
 0.00196  0.01168  0.11081  0.75570
 0.72254  0.99954  1.00000  1.00000
 0.85813  0.99999  1.00000  1.00000
 0.02424  0.13667  0.76998  1.00000
 0.00518  0.03062  0.26728  0.97605
 0.06512  0.33184  0.98227  1.00000
 0.00212  0.01262  0.11930  0.78226
 0.08215  0.40148  0.99410  1.00000
 0.00111  0.00664  0.06448  0.55058
 0.14614  0.61173  0.99992  1.00000
 0.00021  0.00123  0.01224  0.13743
 0.00052  0.00313  0.03091  0.31389
 0.19707  0.73133  1.00000  1.00000
 0.79367  0.99992  1.00000  1.00000
 0.21150  0.75899  1.00000  1.00000
 1.00000  1.00000  1.00000  1.00000
 0.74379  0.99971  1.00000  1.00000
 0.26639  0.84354  1.00000  1.00000
 0.00127  0.00756  0.07303  0.59750
 0.08660  0.41864  0.99559  1.00000
 0.26706  0.84439  1.00000  1.00000
 0.00104  0.00624  0.06065  0.52799
 0.00369  0.02188  0.19845  0.92966
 0.09407  0.44656  0.99730  1.00000
 0.08774  0.42299  0.99591  1.00000
 0.00271  0.01610  0.14982  0.85740
 0.00495  0.02927  0.25697  0.97168
