# Times: 0.167 1.0 10.0 120.0
 0.05832  0.30219  0.97262  1.00000
 0.01478  0.08531  0.59002  0.99998
 0.23899  0.80512  1.00000  1.00000
 0.16284  0.65504  0.99998  1.00000
 0.99808  1.00000  1.00000  1.00000
 0.96580  1.00000  1.00000  1.00000
 0.91133  1.00000  1.00000  1.00000
 0.34682  0.92194  1.00000  1.00000
 0.02516  0.14153  0.78261  1.00000
 0.20544  0.74769  1.00000  1.00000
 0.00037  0.00222  0.02196  0.23393
 0.00002  0.00009  0.00094  0.01127
 0.00000  0.00001  0.00007  0.00082
 0.00008  0.00050  0.00501  0.05846
 0.00207  0.01236  0.11691  0.77507
 0.71852  0.99950  1.00000  1.00000
 0.87712  1.00000  1.00000  1.00000
 0.02302  0.13016  0.75204  1.00000
 0.00536  0.03165  0.27504  0.97893
 0.05809  0.30116  0.97222  1.00000
 0.00228  0.01355  0.12755  0.80552
 0.07218  0.36148  0.98874  1.00000
 0.00115  0.00686  0.06652  0.56222
 0.13706  0.58634  0.99985  1.00000
 0.00019  0.00116  0.01151  0.12974
 0.00048  0.00286  0.02827  0.29114
 0.31280  0.89421  1.00000  1.00000
 0.89372  1.00000  1.00000  1.00000
 0.22823  0.78804  1.00000  1.00000
 1.00000  1.00000  1.00000  1.00000
 0.75135  0.99976  1.00000  1.00000
 0.34883  0.92337  1.00000  1.00000
 0.00129  0.00769  0.07427  0.60390
 0.06240  0.32010  0.97889  1.00000
 0.24069  0.80771  1.00000  1.00000
 0.00082  0.00487  0.04766  0.44345
 0.00333  0.01980  0.18124  0.90924
 0.09671  0.45613  0.99774  1.00000
 0.08987  0.43099  0.99644  1.00000
 0.00258  0.01536  0.14343  0.84399
 0.00370  0.02194  0.19896  0.93020
