# Times: 0.167 1.0 10.0 120.0
 0.14728  0.61482  0.99993  1.00000
 0.02506  0.14099  0.78124  1.00000
 0.11213  0.50941  0.99919  1.00000
 0.16558  0.66174  0.99998  1.00000
 0.99999  1.00000  1.00000  1.00000
 0.84726  0.99999  1.00000  1.00000
 0.72048  0.99952  1.00000  1.00000
 0.73702  0.99966  1.00000  1.00000
 0.01053  0.06139  0.46932  0.99950
 0.22711  0.78618  1.00000  1.00000
 0.00036  0.00217  0.02147  0.22929
 0.00003  0.00017  0.00167  0.01982
 0.00000  0.00001  0.00006  0.00074
 0.00008  0.00048  0.00482  0.05631
 0.00175  0.01043  0.09952  0.71577
 0.70477  0.99933  1.00000  1.00000
 0.92233  1.00000  1.00000  1.00000
 0.03100  0.17188  0.84831  1.00000
 0.00374  0.02220  0.20106  0.93237
 0.16622  0.66329  0.99998  1.00000
 0.00154  0.00918  0.08810  0.66934
 0.12745  0.55798  0.99972  1.00000
 0.00070  0.00418  0.04106  0.39536
 0.21913  0.77262  1.00000  1.00000
 0.00039  0.00234  0.02320  0.24550
 0.00228  0.01359  0.12787  0.80637
 0.13311  0.57487  0.99981  1.00000
 0.73007  0.99961  1.00000  1.00000
 0.25752  0.83187  1.00000  1.00000
 1.00000  1.00000  1.00000  1.00000
 0.79010  0.99991  1.00000  1.00000
 0.07959  0.39143  0.99303  1.00000
 0.00100  0.00596  0.05800  0.51177
 0.42413  0.96329  1.00000  1.00000
 0.50027  0.98430  1.00000  1.00000
 0.00207  0.01235  0.11685  0.77488
 0.00847  0.04969  0.39928  0.99779
 0.07904  0.38923  0.99278  1.00000
 0.09591  0.45323  0.99761  1.00000
 0.00406  0.02404  0.21600  0.94608
 0.02537  0.14263  0.78538  1.00000
