# Times: 0.167 1.0 10.0 120.0
 0.05834  0.30230  0.97267  1.00000
 0.01479  0.08535  0.59020  0.99998
 0.23892  0.80502  1.00000  1.00000
 0.16284  0.65503  0.99998  1.00000
 0.99808  1.00000  1.00000  1.00000
 0.96578  1.00000  1.00000  1.00000
 0.91131  1.00000  1.00000  1.00000
 0.34694  0.92203  1.00000  1.00000
 0.02515  0.14147  0.78245  1.00000
 0.20544  0.74768  1.00000  1.00000
 0.00037  0.00222  0.02196  0.23392
 0.00002  0.00009  0.00094  0.01127
 0.00000  0.00001  0.00007  0.00082
 0.00008  0.00050  0.00501  0.05846
 0.00207  0.01235  0.11690  0.77504
 0.71853  0.99950  1.00000  1.00000
 0.87709  1.00000  1.00000  1.00000
 0.02302  0.13017  0.75207  1.00000
 0.00536  0.03165  0.27503  0.97892
 0.05810  0.30120  0.97223  1.00000
 0.00228  0.01355  0.12754  0.80548
 0.07220  0.36155  0.98875  1.00000
 0.00115  0.00686  0.06652  0.56220
 0.13708  0.58639  0.99985  1.00000
 0.00019  0.00116  0.01151  0.12975
 0.00048  0.00286  0.02827  0.29114
 0.31253  0.89396  1.00000  1.00000
 0.89354  1.00000  1.00000  1.00000
 0.22819  0.78797  1.00000  1.00000
 1.00000  1.00000  1.00000  1.00000
 0.75136  0.99976  1.00000  1.00000
 0.34869  0.92327  1.00000  1.00000
 0.00129  0.00769  0.07427  0.60389
 0.06243  0.32024  0.97893  1.00000
 0.24073  0.80777  1.00000  1.00000
 0.00082  0.00487  0.04768  0.44358
 0.00333  0.01980  0.18126  0.90927
 0.09670  0.45611  0.99773  1.00000
 0.08986  0.43097  0.99644  1.00000
 0.00258  0.01536  0.14344  0.84401
 0.00370  0.02195  0.19903  0.93028
