# Times: 0.167 1.0 10.0 120.0
 0.14083  0.59704  0.99989  1.00000
 0.02587  0.14525  0.79185  1.00000
 0.11656  0.52389  0.99940  1.00000
 0.16822  0.66810  0.99998  1.00000
 0.99999  1.00000  1.00000  1.00000
 0.86596  0.99999  1.00000  1.00000
 0.73411  0.99964  1.00000  1.00000
 0.70512  0.99933  1.00000  1.00000
 0.01126  0.06558  0.49254  0.99971
 0.22296  0.77921  1.00000  1.00000
 0.00036  0.00214  0.02122  0.22689
 0.00002  0.00015  0.00146  0.01733
 0.00000  0.00001  0.00006  0.00076
 0.00008  0.00049  0.00489  0.05712
 0.00177  0.01055  0.10063  0.71995
 0.71561  0.99946  1.00000  1.00000
 0.88024  1.00000  1.00000  1.00000
 0.03066  0.17014  0.84509  1.00000
 0.00398  0.02359  0.21238  0.94301
 0.15460  0.63420  0.99996  1.00000
 0.00163  0.00970  0.09283  0.68936
 0.12643  0.55487  0.99969  1.00000
 0.00077  0.00461  0.04519  0.42589
 0.20954  0.75537  1.00000  1.00000
 0.00037  0.00223  0.02207  0.23492
 0.00204  0.01214  0.11497  0.76906
 0.13142  0.56989  0.99978  1.00000
 0.72426  0.99955  1.00000  1.00000
 0.25052  0.82214  1.00000  1.00000
 1.00000  1.00000  1.00000  1.00000
 0.77180  0.99986  1.00000  1.00000
 0.08968  0.43031  0.99640  1.00000
 0.00105  0.00624  0.06069  0.52828
 0.37532  0.94024  1.00000  1.00000
 0.47234  0.97825  1.00000  1.00000
 0.00212  0.01260  0.11911  0.78170
 0.00784  0.04601  0.37566  0.99649
 0.08157  0.39921  0.99387  1.00000
 0.09407  0.44655  0.99730  1.00000
 0.00396  0.02351  0.21170  0.94241
 0.02310  0.13057  0.75320  1.00000
