# Times: 0.167 1.0 10.0 120.0
 0.05827  0.30198  0.97254  1.00000
 0.01477  0.08522  0.58966  0.99998
 0.23912  0.80532  1.00000  1.00000
 0.16285  0.65507  0.99998  1.00000
 0.99808  1.00000  1.00000  1.00000
 0.96585  1.00000  1.00000  1.00000
 0.91137  1.00000  1.00000  1.00000
 0.34658  0.92177  1.00000  1.00000
 0.02519  0.14166  0.78292  1.00000
 0.20545  0.74770  1.00000  1.00000
 0.00037  0.00222  0.02196  0.23394
 0.00002  0.00009  0.00094  0.01127
 0.00000  0.00001  0.00007  0.00082
 0.00008  0.00050  0.00501  0.05845
 0.00207  0.01236  0.11694  0.77514
 0.71851  0.99949  1.00000  1.00000
 0.87718  1.00000  1.00000  1.00000
 0.02301  0.13014  0.75196  1.00000
 0.00536  0.03166  0.27507  0.97893
 0.05807  0.30107  0.97218  1.00000
 0.00228  0.01356  0.12758  0.80560
 0.07215  0.36135  0.98871  1.00000
 0.00115  0.00686  0.06653  0.56227
 0.13703  0.58626  0.99985  1.00000
 0.00019  0.00116  0.01151  0.12972
 0.00048  0.00286  0.02827  0.29113
 0.31335  0.89471  1.00000  1.00000
 0.89406  1.00000  1.00000  1.00000
 0.22832  0.78817  1.00000  1.00000
 1.00000  1.00000  1.00000  1.00000
 0.75133  0.99976  1.00000  1.00000
 0.34911  0.92357  1.00000  1.00000
 0.00129  0.00769  0.07428  0.60393
 0.06233  0.31982  0.97880  1.00000
 0.24060  0.80758  1.00000  1.00000
 0.00081  0.00487  0.04762  0.44319
 0.00333  0.01979  0.18119  0.90917
 0.09672  0.45617  0.99774  1.00000
 0.08987  0.43102  0.99644  1.00000
 0.00258  0.01536  0.14342  0.84396
 0.00369  0.02192  0.19882  0.93005
