# Times: 0.167 1.0 10.0 120.0
 0.05844  0.30271  0.97283  1.00000
 0.01482  0.08551  0.59092  0.99998
 0.23866  0.80461  1.00000  1.00000
 0.16282  0.65498  0.99998  1.00000
 0.99808  1.00000  1.00000  1.00000
 0.96568  1.00000  1.00000  1.00000
 0.91122  1.00000  1.00000  1.00000
 0.34741  0.92236  1.00000  1.00000
 0.02510  0.14121  0.78181  1.00000
 0.20542  0.74764  1.00000  1.00000
 0.00037  0.00222  0.02196  0.23390
 0.00002  0.00009  0.00094  0.01127
 0.00000  0.00001  0.00007  0.00082
 0.00008  0.00050  0.00501  0.05847
 0.00207  0.01235  0.11686  0.77490
 0.71856  0.99950  1.00000  1.00000
 0.87698  1.00000  1.00000  1.00000
 0.02303  0.13023  0.75222  1.00000
 0.00536  0.03164  0.27498  0.97890
 0.05814  0.30139  0.97231  1.00000
 0.00227  0.01354  0.12748  0.80532
 0.07226  0.36182  0.98879  1.00000
 0.00115  0.00686  0.06650  0.56211
 0.13714  0.58656  0.99985  1.00000
 0.00019  0.00116  0.01152  0.12978
 0.00048  0.00286  0.02827  0.29115
 0.31144  0.89295  1.00000  1.00000
 0.89286  1.00000  1.00000  1.00000
 0.22803  0.78770  1.00000  1.00000
 1.00000  1.00000  1.00000  1.00000
 0.75140  0.99976  1.00000  1.00000
 0.34814  0.92288  1.00000  1.00000
 0.00129  0.00769  0.07426  0.60383
 0.06256  0.32080  0.97911  1.00000
 0.24090  0.80804  1.00000  1.00000
 0.00082  0.00488  0.04775  0.44410
 0.00334  0.01981  0.18136  0.90941
 0.09668  0.45602  0.99773  1.00000
 0.08984  0.43090  0.99644  1.00000
 0.00258  0.01537  0.14347  0.84407
 0.00371  0.02198  0.19932  0.93058
