# Times: 0.167 1.0 10.0 120.0
 0.05848  0.30292  0.97291  1.00000
 0.01483  0.08559  0.59128  0.99998
 0.23853  0.80441  1.00000  1.00000
 0.16281  0.65495  0.99998  1.00000
 0.99808  1.00000  1.00000  1.00000
 0.96563  1.00000  1.00000  1.00000
 0.91118  1.00000  1.00000  1.00000
 0.34765  0.92253  1.00000  1.00000
 0.02508  0.14109  0.78148  1.00000
 0.20541  0.74763  1.00000  1.00000
 0.00037  0.00222  0.02196  0.23389
 0.00002  0.00009  0.00094  0.01126
 0.00000  0.00001  0.00007  0.00082
 0.00008  0.00050  0.00501  0.05847
 0.00207  0.01235  0.11683  0.77483
 0.71857  0.99950  1.00000  1.00000
 0.87692  1.00000  1.00000  1.00000
 0.02304  0.13025  0.75229  1.00000
 0.00535  0.03164  0.27495  0.97889
 0.05816  0.30148  0.97234  1.00000
 0.00227  0.01354  0.12745  0.80524
 0.07229  0.36195  0.98882  1.00000
 0.00115  0.00686  0.06649  0.56206
 0.13717  0.58664  0.99985  1.00000
 0.00019  0.00116  0.01152  0.12980
 0.00048  0.00286  0.02827  0.29116
 0.31089  0.89244  1.00000  1.00000
 0.89252  1.00000  1.00000  1.00000
 0.22795  0.78757  1.00000  1.00000
 1.00000  1.00000  1.00000  1.00000
 0.75142  0.99976  1.00000  1.00000
 0.34786  0.92269  1.00000  1.00000
 0.00129  0.00769  0.07425  0.60380
 0.06262  0.32108  0.97919  1.00000
 0.24099  0.80817  1.00000  1.00000
 0.00082  0.00488  0.04779  0.44435
 0.00334  0.01982  0.18141  0.90947
 0.09667  0.45597  0.99773  1.00000
 0.08984  0.43087  0.99643  1.00000
 0.00258  0.01537  0.14348  0.84411
 0.00371  0.02200  0.19947  0.93073
