# Times: 0.167 1.0 10.0 120.0
 0.05837  0.30240  0.97271  1.00000
 0.01479  0.08539  0.59038  0.99998
 0.23886  0.80492  1.00000  1.00000
 0.16283  0.65502  0.99998  1.00000
 0.99808  1.00000  1.00000  1.00000
 0.96575  1.00000  1.00000  1.00000
 0.91128  1.00000  1.00000  1.00000
 0.34705  0.92211  1.00000  1.00000
 0.02514  0.14140  0.78229  1.00000
 0.20544  0.74767  1.00000  1.00000
 0.00037  0.00222  0.02196  0.23392
 0.00002  0.00009  0.00094  0.01127
 0.00000  0.00001  0.00007  0.00082
 0.00008  0.00050  0.00501  0.05846
 0.00207  0.01235  0.11689  0.77500
 0.71854  0.99950  1.00000  1.00000
 0.87706  1.00000  1.00000  1.00000
 0.02302  0.13019  0.75211  1.00000
 0.00536  0.03165  0.27502  0.97892
 0.05811  0.30125  0.97225  1.00000
 0.00228  0.01355  0.12752  0.80544
 0.07221  0.36162  0.98876  1.00000
 0.00115  0.00686  0.06651  0.56218
 0.13709  0.58643  0.99985  1.00000
 0.00019  0.00116  0.01151  0.12976
 0.00048  0.00286  0.02827  0.29115
 0.31226  0.89371  1.00000  1.00000
 0.89337  1.00000  1.00000  1.00000
 0.22815  0.78790  1.00000  1.00000
 1.00000  1.00000  1.00000  1.00000
 0.75137  0.99976  1.00000  1.00000
 0.34856  0.92318  1.00000  1.00000
 0.00129  0.00769  0.07427  0.60387
 0.06246  0.32038  0.97898  1.00000
 0.24077  0.80784  1.00000  1.00000
 0.00082  0.00488  0.04770  0.44371
 0.00333  0.01980  0.18129  0.90930
 0.09670  0.45608  0.99773  1.00000
 0.08986  0.43095  0.99644  1.00000
 0.00258  0.01536  0.14345  0.84402
 0.00370  0.02196  0.19910  0.93035
