# Times: 0.167 1.0 10.0 120.0
 0.06287  0.32214  0.97952  1.00000
 0.01618  0.09309  0.62359  0.99999
 0.22589  0.78414  1.00000  1.00000
 0.16198  0.65290  0.99997  1.00000
 0.99816  1.00000  1.00000  1.00000
 0.96066  1.00000  1.00000  1.00000
 0.90700  1.00000  1.00000  1.00000
 0.37133  0.93792  1.00000  1.00000
 0.02294  0.12975  0.75086  1.00000
 0.20458  0.74604  1.00000  1.00000
 0.00037  0.00221  0.02185  0.23289
 0.00002  0.00009  0.00094  0.01118
 0.00000  0.00001  0.00007  0.00082
 0.00008  0.00051  0.00504  0.05885
 0.00203  0.01212  0.11476  0.76841
 0.72005  0.99951  1.00000  1.00000
 0.87119  1.00000  1.00000  1.00000
 0.02347  0.13254  0.75874  1.00000
 0.00530  0.03130  0.27243  0.97800
 0.06019  0.31044  0.97569  1.00000
 0.00222  0.01323  0.12470  0.79776
 0.07544  0.37480  0.99088  1.00000
 0.00114  0.00678  0.06576  0.55790
 0.13992  0.59446  0.99988  1.00000
 0.00020  0.00117  0.01167  0.13137
 0.00048  0.00287  0.02830  0.29143
 0.26202  0.83787  1.00000  1.00000
 0.85752  0.99999  1.00000  1.00000
 0.22100  0.77585  1.00000  1.00000
 1.00000  1.00000  1.00000  1.00000
 0.75139  0.99976  1.00000  1.00000
 0.32137  0.90187  1.00000  1.00000
 0.00128  0.00763  0.07377  0.60134
 0.06925  0.34932  0.98640  1.00000
 0.24926  0.82034  1.00000  1.00000
 0.00088  0.00527  0.05149  0.46975
 0.00344  0.02042  0.18641  0.91589
 0.09562  0.45218  0.99757  1.00000
 0.08908  0.42803  0.99625  1.00000
 0.00262  0.01556  0.14518  0.84777
 0.00403  0.02387  0.21466  0.94496
