# Times: 0.167 1.0 10.0 120.0
 0.06011  0.31011  0.97558  1.00000
 0.01533  0.08838  0.60358  0.99998
 0.23387  0.79713  1.00000  1.00000
 0.16247  0.65413  0.99998  1.00000
 0.99811  1.00000  1.00000  1.00000
 0.96385  1.00000  1.00000  1.00000
 0.90968  1.00000  1.00000  1.00000
 0.35615  0.92839  1.00000  1.00000
 0.02426  0.13675  0.77019  1.00000
 0.20511  0.74705  1.00000  1.00000
 0.00037  0.00221  0.02192  0.23352
 0.00002  0.00009  0.00094  0.01123
 0.00000  0.00001  0.00007  0.00082
 0.00008  0.00050  0.00502  0.05861
 0.00206  0.01226  0.11606  0.77244
 0.71911  0.99950  1.00000  1.00000
 0.87484  1.00000  1.00000  1.00000
 0.02320  0.13113  0.75478  1.00000
 0.00533  0.03152  0.27403  0.97857
 0.05889  0.30472  0.97360  1.00000
 0.00225  0.01343  0.12642  0.80248
 0.07345  0.36668  0.98962  1.00000
 0.00114  0.00683  0.06621  0.56047
 0.13819  0.58956  0.99986  1.00000
 0.00019  0.00116  0.01157  0.13036
 0.00048  0.00286  0.02827  0.29120
 0.29205  0.87358  1.00000  1.00000
 0.88004  1.00000  1.00000  1.00000
 0.22520  0.78301  1.00000  1.00000
 1.00000  1.00000  1.00000  1.00000
 0.75180  0.99976  1.00000  1.00000
 0.33813  0.91552  1.00000  1.00000
 0.00128  0.00767  0.07406  0.60282
 0.06495  0.33111  0.98207  1.00000
 0.24402  0.81271  1.00000  1.00000
 0.00084  0.00502  0.04911  0.45351
 0.00337  0.02003  0.18321  0.91183
 0.09625  0.45448  0.99767  1.00000
 0.08954  0.42978  0.99637  1.00000
 0.00259  0.01543  0.14406  0.84535
 0.00382  0.02265  0.20473  0.93600
