# Times: 0.167 1.0 10.0 120.0
 0.14487  0.60824  0.99991  1.00000
 0.02548  0.14319  0.78676  1.00000
 0.11378  0.51486  0.99928  1.00000
 0.16689  0.66491  0.99998  1.00000
 0.99999  1.00000  1.00000  1.00000
 0.85566  0.99999  1.00000  1.00000
 0.72513  0.99956  1.00000  1.00000
 0.72312  0.99954  1.00000  1.00000
 0.01082  0.06307  0.47871  0.99960
 0.22543  0.78338  1.00000  1.00000
 0.00036  0.00215  0.02133  0.22795
 0.00003  0.00016  0.00157  0.01873
 0.00000  0.00001  0.00006  0.00074
 0.00008  0.00049  0.00484  0.05661
 0.00176  0.01050  0.10016  0.71817
 0.71066  0.99940  1.00000  1.00000
 0.90272  1.00000  1.00000  1.00000
 0.03100  0.17184  0.84825  1.00000
 0.00385  0.02281  0.20604  0.93725
 0.16132  0.65127  0.99997  1.00000
 0.00157  0.00938  0.08992  0.67720
 0.12749  0.55811  0.99972  1.00000
 0.00073  0.00436  0.04271  0.40775
 0.21515  0.76560  1.00000  1.00000
 0.00038  0.00229  0.02267  0.24056
 0.00217  0.01292  0.12197  0.79006
 0.13223  0.57228  0.99980  1.00000
 0.72745  0.99958  1.00000  1.00000
 0.25483  0.82818  1.00000  1.00000
 1.00000  1.00000  1.00000  1.00000
 0.78170  0.99989  1.00000  1.00000
 0.08337  0.40622  0.99455  1.00000
 0.00102  0.00609  0.05928  0.51969
 0.40652  0.95603  1.00000  1.00000
 0.48903  0.98206  1.00000  1.00000
 0.00210  0.01253  0.11847  0.77978
 0.00818  0.04802  0.38864  0.99727
 0.08009  0.39341  0.99326  1.00000
 0.09518  0.45059  0.99749  1.00000
 0.00402  0.02385  0.21446  0.94479
 0.02455  0.13830  0.77430  1.00000
