# Times: 0.167 1.0 10.0 120.0
 0.10595  0.48860  0.99878  1.00000
 0.02534  0.14246  0.78496  1.00000
 0.14975  0.62146  0.99994  1.00000
 0.16855  0.66889  0.99998  1.00000
 0.99996  1.00000  1.00000  1.00000
 0.92805  1.00000  1.00000  1.00000
 0.83824  0.99998  1.00000  1.00000
 0.56739  0.99338  1.00000  1.00000
 0.01485  0.08569  0.59174  0.99998
 0.20639  0.74948  1.00000  1.00000
 0.00035  0.00211  0.02089  0.22383
 0.00002  0.00010  0.00100  0.01196
 0.00000  0.00001  0.00007  0.00081
 0.00009  0.00052  0.00515  0.06009
 0.00181  0.01080  0.10291  0.72833
 0.72146  0.99953  1.00000  1.00000
 0.82590  0.99997  1.00000  1.00000
 0.02639  0.14800  0.79845  1.00000
 0.00486  0.02873  0.25283  0.96973
 0.09761  0.45936  0.99787  1.00000
 0.00190  0.01132  0.10763  0.74499
 0.10460  0.48397  0.99866  1.00000
 0.00102  0.00609  0.05923  0.51940
 0.17340  0.68028  0.99999  1.00000
 0.00029  0.00172  0.01709  0.18685
 0.00121  0.00725  0.07019  0.58242
 0.14149  0.59888  0.99989  1.00000
 0.71878  0.99950  1.00000  1.00000
 0.21725  0.76933  1.00000  1.00000
 1.00000  1.00000  1.00000  1.00000
 0.72703  0.99958  1.00000  1.00000
 0.14911  0.61974  0.99994  1.00000
 0.00118  0.00706  0.06843  0.57284
 0.17548  0.68508  0.99999  1.00000
 0.34574  0.92117  1.00000  1.00000
 0.00168  0.01003  0.09588  0.70168
 0.00534  0.03157  0.27440  0.97870
 0.09224  0.43980  0.99696  1.00000
 0.08789  0.42355  0.99595  1.00000
 0.00331  0.01968  0.18024  0.90790
 0.01249  0.07250  0.52887  0.99988
