# Times: 0.167 1.0 10.0 120.0
 0.05839  0.30250  0.97275  1.00000
 0.01480  0.08543  0.59056  0.99998
 0.23879  0.80481  1.00000  1.00000
 0.16283  0.65500  0.99998  1.00000
 0.99808  1.00000  1.00000  1.00000
 0.96573  1.00000  1.00000  1.00000
 0.91126  1.00000  1.00000  1.00000
 0.34717  0.92219  1.00000  1.00000
 0.02513  0.14134  0.78213  1.00000
 0.20543  0.74766  1.00000  1.00000
 0.00037  0.00222  0.02196  0.23391
 0.00002  0.00009  0.00094  0.01127
 0.00000  0.00001  0.00007  0.00082
 0.00008  0.00050  0.00501  0.05846
 0.00207  0.01235  0.11688  0.77497
 0.71854  0.99950  1.00000  1.00000
 0.87703  1.00000  1.00000  1.00000
 0.02303  0.13020  0.75215  1.00000
 0.00536  0.03165  0.27500  0.97891
 0.05812  0.30130  0.97227  1.00000
 0.00228  0.01355  0.12751  0.80540
 0.07223  0.36168  0.98877  1.00000
 0.00115  0.00686  0.06651  0.56215
 0.13711  0.58647  0.99985  1.00000
 0.00019  0.00116  0.01152  0.12976
 0.00048  0.00286  0.02827  0.29115
 0.31198  0.89345  1.00000  1.00000
 0.89320  1.00000  1.00000  1.00000
 0.22811  0.78784  1.00000  1.00000
 1.00000  1.00000  1.00000  1.00000
 0.75138  0.99976  1.00000  1.00000
 0.34842  0.92308  1.00000  1.00000
 0.00129  0.00769  0.07426  0.60386
 0.06249  0.32052  0.97902  1.00000
 0.24082  0.80790  1.00000  1.00000
 0.00082  0.00488  0.04772  0.44384
 0.00334  0.01981  0.18131  0.90934
 0.09669  0.45606  0.99773  1.00000
 0.08985  0.43094  0.99644  1.00000
 0.00258  0.01537  0.14345  0.84404
 0.00370  0.02197  0.19918  0.93043
